type,date time,latitude,longitude,accuracy(m),altitude(m),geoid_height(m),speed(m/s),bearing(deg),sat_used,sat_inview,name,desc
T,2022-12-09 07:14:37,40.96674500,-8.54807000,1.80,207.800,,0.000,,25,44,20221209-071437,GPS Logger: 20221209-071437 - Casa-Estacao
T,2022-12-09 07:14:38,40.96674500,-8.54807000,1.80,207.800,,0.000,,25,44,,
T,2022-12-09 07:14:39,40.96674500,-8.54806000,1.80,208.800,,0.000,,24,44,,
T,2022-12-09 07:14:40,40.96674833,-8.54806500,1.90,209.000,,0.155,302,20,44,,
T,2022-12-09 07:14:41,40.96675000,-8.54809333,1.90,209.100,,0.496,275,23,44,,
T,2022-12-09 07:14:42,40.96675500,-8.54814500,2.00,208.800,,4.709,276,23,44,,
T,2022-12-09 07:14:43,40.96676833,-8.54821167,2.20,208.800,,5.273,280,23,44,,
T,2022-12-09 07:14:44,40.96676833,-8.54821167,2.20,208.800,,6.140,282,24,44,,
T,2022-12-09 07:14:45,40.96679667,-8.54838000,2.30,209.700,,6.984,284,23,44,,
T,2022-12-09 07:14:46,40.96681667,-8.54851667,2.40,209.300,,10.291,280,23,44,,
T,2022-12-09 07:14:47,40.96683833,-8.54866167,2.20,209.700,,10.955,282,24,44,,
T,2022-12-09 07:14:48,40.96686167,-8.54880333,2.10,209.700,,11.709,284,24,44,,
T,2022-12-09 07:14:49,40.96689000,-8.54894833,2.00,209.100,,12.498,284,24,44,,
T,2022-12-09 07:14:50,40.96691833,-8.54909667,1.90,208.300,,12.789,284,26,44,,
T,2022-12-09 07:14:51,40.96695167,-8.54923833,1.90,207.100,,12.020,287,26,44,,
T,2022-12-09 07:14:52,40.96699000,-8.54936333,1.80,206.500,,11.188,294,26,44,,
T,2022-12-09 07:14:53,40.96703500,-8.54947833,1.80,206.200,,10.497,304,26,44,,
T,2022-12-09 07:14:54,40.96710000,-8.54957667,1.80,205.700,,11.051,317,25,44,,
T,2022-12-09 07:14:55,40.96718333,-8.54965667,1.80,205.000,,11.148,326,28,44,,
T,2022-12-09 07:14:56,40.96727833,-8.54971333,1.80,203.100,,11.763,337,28,44,,
T,2022-12-09 07:14:57,40.96738333,-8.54975833,1.80,202.000,,12.457,342,27,44,,
T,2022-12-09 07:14:58,40.96749167,-8.54980000,1.80,201.500,,12.684,342,28,44,,
T,2022-12-09 07:14:59,40.96760167,-8.54984333,1.80,200.500,,12.689,341,27,44,,
T,2022-12-09 07:15:00,40.96770167,-8.54988833,1.80,198.900,,12.187,338,27,44,,
T,2022-12-09 07:15:01,40.96780000,-8.54994500,1.80,197.100,,11.740,331,27,44,,
T,2022-12-09 07:15:02,40.96789500,-8.55002667,1.80,196.000,,12.642,318,27,44,,
T,2022-12-09 07:15:03,40.96797667,-8.55014167,1.80,194.800,,12.298,308,27,44,,
T,2022-12-09 07:15:04,40.96804500,-8.55028333,1.80,193.300,,14.698,297,27,44,,
T,2022-12-09 07:15:05,40.96810000,-8.55045167,1.80,192.100,,15.729,290,26,44,,
T,2022-12-09 07:15:06,40.96814000,-8.55063667,1.80,190.900,,15.835,286,27,44,,
T,2022-12-09 07:15:07,40.96818000,-8.55082667,1.80,189.600,,16.178,285,26,44,,
T,2022-12-09 07:15:08,40.96822000,-8.55102167,1.80,188.500,,16.931,285,26,44,,
T,2022-12-09 07:15:09,40.96826667,-8.55122000,1.80,187.200,,17.255,289,25,44,,
T,2022-12-09 07:15:10,40.96832000,-8.55142500,1.80,185.700,,18.210,289,25,44,,
T,2022-12-09 07:15:11,40.96838667,-8.55163000,1.80,183.900,,19.057,294,23,44,,
T,2022-12-09 07:15:12,40.96846000,-8.55184000,1.90,182.800,,19.253,295,22,44,,
T,2022-12-09 07:15:13,40.96853667,-8.55204333,1.90,181.400,,19.063,296,22,44,,
T,2022-12-09 07:15:14,40.96860500,-8.55225000,1.90,180.600,,19.530,292,22,44,,
T,2022-12-09 07:15:15,40.96866667,-8.55245667,2.00,180.000,,19.621,289,22,44,,
T,2022-12-09 07:15:16,40.96871167,-8.55265833,2.00,179.900,,17.513,285,22,44,,
T,2022-12-09 07:15:17,40.96873833,-8.55286667,1.90,180.000,,17.475,279,22,44,,
T,2022-12-09 07:15:18,40.96876333,-8.55308000,1.90,180.000,,18.043,279,22,44,,
T,2022-12-09 07:15:19,40.96878000,-8.55329833,1.90,179.800,,18.396,276,24,44,,
T,2022-12-09 07:15:20,40.96879333,-8.55352167,1.90,179.400,,19.146,275,24,44,,
T,2022-12-09 07:15:21,40.96880833,-8.55375500,1.90,179.100,,19.728,277,25,44,,
T,2022-12-09 07:15:22,40.96882667,-8.55399333,1.90,178.400,,20.291,276,24,44,,
T,2022-12-09 07:15:23,40.96884167,-8.55423833,1.90,177.500,,21.039,275,24,44,,
T,2022-12-09 07:15:24,40.96885333,-8.55449500,1.90,176.500,,21.494,274,24,44,,
T,2022-12-09 07:15:25,40.96886833,-8.55475167,1.90,175.500,,21.462,277,24,44,,
T,2022-12-09 07:15:26,40.96888667,-8.55500500,1.90,174.900,,21.157,277,24,44,,
T,2022-12-09 07:15:27,40.96890500,-8.55525500,1.90,174.800,,21.593,276,24,44,,
T,2022-12-09 07:15:28,40.96892167,-8.55549000,1.90,174.900,,18.984,276,25,44,,
T,2022-12-09 07:15:29,40.96894167,-8.55570833,1.80,175.500,,17.750,279,26,44,,
T,2022-12-09 07:15:30,40.96896167,-8.55590833,1.90,176.300,,16.165,278,25,44,,
T,2022-12-09 07:15:31,40.96897500,-8.55608833,1.90,177.100,,14.174,276,25,44,,
T,2022-12-09 07:15:32,40.96898333,-8.55624500,1.80,177.700,,11.816,271,26,44,,
T,2022-12-09 07:15:33,40.96898000,-8.55636333,1.80,178.500,,8.881,269,24,44,,
T,2022-12-09 07:15:34,40.96897167,-8.55645667,1.90,178.800,,7.508,261,24,44,,
T,2022-12-09 07:15:35,40.96894667,-8.55652833,1.80,179.700,,7.149,245,25,43,,
T,2022-12-09 07:15:36,40.96890667,-8.55658667,1.90,180.500,,6.771,228,23,43,,
T,2022-12-09 07:15:37,40.96885333,-8.55663667,1.90,181.100,,6.919,216,23,43,,
T,2022-12-09 07:15:38,40.96880667,-8.55668667,1.90,181.700,,6.894,220,25,43,,
T,2022-12-09 07:15:39,40.96876833,-8.55674333,2.00,182.300,,6.913,230,25,43,,
T,2022-12-09 07:15:40,40.96873500,-8.55681667,2.00,183.100,,7.632,240,26,43,,
T,2022-12-09 07:15:41,40.96871167,-8.55690667,2.00,183.600,,8.389,253,26,43,,
T,2022-12-09 07:15:42,40.96870333,-8.55700167,2.00,183.600,,8.522,264,26,43,,
T,2022-12-09 07:15:43,40.96870500,-8.55710667,1.90,184.100,,8.826,272,26,44,,
T,2022-12-09 07:15:44,40.96870833,-8.55720667,1.90,184.500,,8.271,271,24,44,,
T,2022-12-09 07:15:45,40.96871000,-8.55729000,1.90,184.900,,6.837,268,23,44,,
T,2022-12-09 07:15:46,40.96869833,-8.55735833,1.90,185.600,,6.161,253,23,44,,
T,2022-12-09 07:15:47,40.96866333,-8.55741667,1.90,185.400,,6.439,226,22,44,,
T,2022-12-09 07:15:48,40.96860500,-8.55746000,1.90,186.100,,7.737,211,22,44,,
T,2022-12-09 07:15:49,40.96852167,-8.55748333,1.90,186.900,,9.078,195,22,44,,
T,2022-12-09 07:15:50,40.96843000,-8.55751000,2.00,187.400,,9.721,197,22,44,,
T,2022-12-09 07:15:51,40.96833500,-8.55754333,2.00,188.000,,10.450,202,22,44,,
T,2022-12-09 07:15:52,40.96823333,-8.55760000,1.90,188.500,,12.113,208,23,44,,
T,2022-12-09 07:15:53,40.96812833,-8.55767000,1.90,188.300,,12.807,210,23,44,,
T,2022-12-09 07:15:54,40.96802167,-8.55774500,1.90,188.200,,13.006,210,23,44,,
T,2022-12-09 07:15:55,40.96791000,-8.55782500,1.80,186.000,,14.298,212,23,44,,
T,2022-12-09 07:15:56,40.96780000,-8.55791167,1.80,183.700,,14.485,210,23,44,,
T,2022-12-09 07:15:57,40.96768667,-8.55800000,1.90,183.000,,14.167,211,23,44,,
T,2022-12-09 07:15:58,40.96757333,-8.55809667,1.90,182.700,,14.908,212,23,44,,
T,2022-12-09 07:15:59,40.96745667,-8.55818833,1.90,182.000,,14.115,212,23,44,,
T,2022-12-09 07:16:00,40.96734000,-8.55827000,1.90,180.900,,14.725,202,23,44,,
T,2022-12-09 07:16:01,40.96720333,-8.55832500,2.00,180.400,,15.456,195,23,44,,
T,2022-12-09 07:16:02,40.96706333,-8.55837167,2.00,179.800,,16.059,195,23,44,,
T,2022-12-09 07:16:03,40.96691667,-8.55842000,2.00,179.100,,16.259,194,20,44,,
T,2022-12-09 07:16:04,40.96677167,-8.55847333,2.00,178.300,,16.676,195,20,44,,
T,2022-12-09 07:16:05,40.96662000,-8.55853167,2.10,177.500,,17.399,196,20,44,,
T,2022-12-09 07:16:06,40.96646667,-8.55857667,2.10,176.600,,16.318,194,21,44,,
T,2022-12-09 07:16:07,40.96632500,-8.55862333,2.00,175.900,,15.001,196,21,44,,
T,2022-12-09 07:16:08,40.96620167,-8.55866833,1.90,174.800,,12.811,197,23,44,,
T,2022-12-09 07:16:09,40.96609667,-8.55870000,1.90,174.000,,10.896,192,23,44,,
T,2022-12-09 07:16:10,40.96600333,-8.55870333,1.90,173.500,,10.436,178,22,44,,
T,2022-12-09 07:16:11,40.96590833,-8.55867667,1.90,173.400,,11.050,164,23,44,,
T,2022-12-09 07:16:12,40.96581333,-8.55862500,1.90,172.700,,11.564,158,23,44,,
T,2022-12-09 07:16:13,40.96570833,-8.55857333,1.90,172.200,,12.664,160,23,44,,
T,2022-12-09 07:16:14,40.96559833,-8.55851167,1.90,171.400,,13.617,159,23,44,,
T,2022-12-09 07:16:15,40.96548000,-8.55843500,1.90,170.000,,14.556,159,23,44,,
T,2022-12-09 07:16:16,40.96535667,-8.55835833,1.80,169.500,,15.041,156,22,44,,
T,2022-12-09 07:16:17,40.96523167,-8.55828333,1.80,168.700,,14.923,157,22,44,,
T,2022-12-09 07:16:18,40.96511167,-8.55821167,1.80,167.500,,15.450,157,22,44,,
T,2022-12-09 07:16:19,40.96500167,-8.55814667,1.80,166.300,,12.674,161,23,44,,
T,2022-12-09 07:16:20,40.96489333,-8.55810000,1.90,165.600,,12.634,164,23,44,,
T,2022-12-09 07:16:21,40.96478333,-8.55807000,2.00,164.700,,12.540,170,23,44,,
T,2022-12-09 07:16:22,40.96467000,-8.55806000,2.00,164.100,,13.210,179,23,44,,
T,2022-12-09 07:16:23,40.96454833,-8.55807000,2.10,163.400,,13.590,185,23,44,,
T,2022-12-09 07:16:24,40.96443500,-8.55809500,2.20,162.500,,12.724,191,23,44,,
T,2022-12-09 07:16:25,40.96434167,-8.55813833,2.20,161.600,,10.822,199,22,44,,
T,2022-12-09 07:16:26,40.96426500,-8.55820167,2.20,160.600,,9.266,208,22,44,,
T,2022-12-09 07:16:27,40.96420833,-8.55826000,2.20,159.900,,7.667,215,22,44,,
T,2022-12-09 07:16:28,40.96417500,-8.55832667,2.20,159.200,,6.285,233,22,44,,
T,2022-12-09 07:16:29,40.96416167,-8.55839500,2.10,158.100,,4.909,247,22,44,,
T,2022-12-09 07:16:30,40.96416500,-8.55844667,2.10,157.500,,3.393,261,22,44,,
T,2022-12-09 07:16:31,40.96417333,-8.55848000,2.00,156.700,,2.073,269,22,44,,
T,2022-12-09 07:16:32,40.96418000,-8.55849833,2.00,156.000,,0.000,,23,44,,
T,2022-12-09 07:16:33,40.96418500,-8.55850833,2.00,155.400,,0.000,,25,44,,
T,2022-12-09 07:16:34,40.96418833,-8.55851833,2.00,155.800,,0.000,,25,44,,
T,2022-12-09 07:16:35,40.96418833,-8.55851833,2.00,155.800,,0.000,,25,44,,
T,2022-12-09 07:16:36,40.96418833,-8.55851833,2.00,155.800,,0.000,,25,44,,
T,2022-12-09 07:16:37,40.96418833,-8.55851833,2.00,155.800,,0.000,,25,44,,
T,2022-12-09 07:16:38,40.96418833,-8.55851833,2.00,155.800,,0.000,,25,44,,
T,2022-12-09 07:16:39,40.96421500,-8.55859667,2.00,155.700,,3.020,283,25,44,,
T,2022-12-09 07:16:40,40.96423167,-8.55863333,2.00,156.000,,3.925,298,24,44,,
T,2022-12-09 07:16:41,40.96425833,-8.55869000,2.00,155.800,,5.445,298,24,44,,
T,2022-12-09 07:16:42,40.96429167,-8.55876333,2.00,155.900,,6.391,298,24,44,,
T,2022-12-09 07:16:43,40.96432000,-8.55883833,2.00,155.700,,7.250,289,23,44,,
T,2022-12-09 07:16:44,40.96433167,-8.55892833,2.00,155.800,,7.443,274,22,44,,
T,2022-12-09 07:16:45,40.96433000,-8.55902333,2.00,156.100,,7.702,257,21,44,,
T,2022-12-09 07:16:46,40.96430833,-8.55911333,2.00,156.200,,8.107,247,19,44,,
T,2022-12-09 07:16:47,40.96427167,-8.55920500,2.00,156.300,,8.684,237,21,44,,
T,2022-12-09 07:16:48,40.96423333,-8.55929167,1.90,156.600,,8.407,239,21,44,,
T,2022-12-09 07:16:49,40.96420000,-8.55938333,1.90,157.000,,8.376,249,21,44,,
T,2022-12-09 07:16:50,40.96418167,-8.55948333,1.90,157.300,,8.194,263,22,44,,
T,2022-12-09 07:16:51,40.96418833,-8.55958667,2.00,157.200,,8.414,273,22,44,,
T,2022-12-09 07:16:52,40.96421333,-8.55969833,2.20,157.600,,9.059,283,23,44,,
T,2022-12-09 07:16:53,40.96426500,-8.55981000,2.30,158.200,,9.634,298,24,44,,
T,2022-12-09 07:16:54,40.96433167,-8.55993000,2.30,158.500,,11.196,304,24,44,,
T,2022-12-09 07:16:55,40.96442333,-8.56006833,2.20,158.400,,13.508,305,24,44,,
T,2022-12-09 07:16:56,40.96450833,-8.56020667,2.00,156.800,,13.925,306,23,44,,
T,2022-12-09 07:16:57,40.96459000,-8.56034167,1.90,155.200,,14.186,307,25,44,,
T,2022-12-09 07:16:58,40.96467167,-8.56047833,1.80,154.500,,13.771,307,25,44,,
T,2022-12-09 07:16:59,40.96475000,-8.56061000,1.80,154.100,,13.741,308,25,44,,
T,2022-12-09 07:17:00,40.96482833,-8.56074333,1.70,153.600,,13.705,307,25,44,,
T,2022-12-09 07:17:01,40.96490500,-8.56087833,1.70,153.000,,13.731,306,26,44,,
T,2022-12-09 07:17:02,40.96497833,-8.56101167,1.60,152.600,,13.757,306,26,44,,
T,2022-12-09 07:17:03,40.96505333,-8.56114500,1.60,152.400,,14.178,306,26,44,,
T,2022-12-09 07:17:04,40.96513000,-8.56128333,1.60,152.200,,14.531,307,26,44,,
T,2022-12-09 07:17:05,40.96521167,-8.56142500,1.60,152.000,,14.883,306,26,44,,
T,2022-12-09 07:17:06,40.96529000,-8.56156833,1.60,151.900,,14.600,306,26,44,,
T,2022-12-09 07:17:07,40.96536667,-8.56170833,1.60,151.800,,14.213,306,26,44,,
T,2022-12-09 07:17:08,40.96544333,-8.56184667,1.60,151.900,,14.622,307,26,44,,
T,2022-12-09 07:17:09,40.96551833,-8.56198167,1.60,151.800,,14.535,307,26,44,,
T,2022-12-09 07:17:10,40.96559500,-8.56211667,1.60,152.100,,13.999,307,26,44,,
T,2022-12-09 07:17:11,40.96567333,-8.56225167,1.60,152.300,,13.988,307,26,44,,
T,2022-12-09 07:17:12,40.96574667,-8.56238333,1.60,152.900,,13.668,306,26,44,,
T,2022-12-09 07:17:13,40.96582167,-8.56251333,1.60,153.000,,13.445,306,26,44,,
T,2022-12-09 07:17:14,40.96589500,-8.56264333,1.60,153.000,,13.120,306,26,44,,
T,2022-12-09 07:17:15,40.96596500,-8.56276833,1.60,153.100,,12.757,307,26,44,,
T,2022-12-09 07:17:16,40.96603167,-8.56288667,1.60,153.100,,12.182,307,26,44,,
T,2022-12-09 07:17:17,40.96609167,-8.56298833,1.60,152.800,,10.217,307,26,44,,
T,2022-12-09 07:17:18,40.96613833,-8.56307000,1.70,152.800,,7.391,309,26,44,,
T,2022-12-09 07:17:19,40.96617167,-8.56312333,1.70,152.900,,5.395,308,26,44,,
T,2022-12-09 07:17:20,40.96620000,-8.56316833,1.70,153.000,,4.696,305,26,44,,
T,2022-12-09 07:17:21,40.96622333,-8.56321500,1.70,153.300,,4.697,292,25,44,,
T,2022-12-09 07:17:22,40.96623333,-8.56326833,1.70,153.600,,4.872,278,23,44,,
T,2022-12-09 07:17:23,40.96621667,-8.56333167,1.80,153.800,,5.347,247,23,44,,
T,2022-12-09 07:17:24,40.96617167,-8.56340167,1.80,154.500,,7.641,230,25,44,,
T,2022-12-09 07:17:25,40.96610833,-8.56348333,1.90,154.900,,9.617,225,25,44,,
T,2022-12-09 07:17:26,40.96602833,-8.56358000,1.90,155.100,,11.377,226,25,44,,
T,2022-12-09 07:17:27,40.96594000,-8.56369167,1.90,154.900,,13.350,225,25,44,,
T,2022-12-09 07:17:28,40.96584333,-8.56381833,1.80,154.100,,14.756,225,25,44,,
T,2022-12-09 07:17:29,40.96574167,-8.56395000,1.70,154.700,,15.067,225,25,44,,
T,2022-12-09 07:17:30,40.96563667,-8.56408167,1.70,155.000,,15.532,225,25,44,,
T,2022-12-09 07:17:31,40.96552833,-8.56422333,1.70,155.000,,16.644,226,24,44,,
T,2022-12-09 07:17:32,40.96541667,-8.56436833,1.70,154.800,,16.917,226,24,44,,
T,2022-12-09 07:17:33,40.96530500,-8.56451500,1.70,154.600,,16.932,226,24,44,,
T,2022-12-09 07:17:34,40.96519500,-8.56466500,1.70,154.200,,17.653,227,24,44,,
T,2022-12-09 07:17:35,40.96508333,-8.56481500,1.70,153.500,,17.681,226,24,44,,
T,2022-12-09 07:17:36,40.96496833,-8.56497000,1.70,153.200,,17.860,226,24,44,,
T,2022-12-09 07:17:37,40.96485667,-8.56511833,1.70,152.400,,17.040,226,24,44,,
T,2022-12-09 07:17:38,40.96474833,-8.56526000,1.70,151.100,,16.631,224,24,44,,
T,2022-12-09 07:17:39,40.96463333,-8.56538833,1.70,150.200,,16.592,218,24,44,,
T,2022-12-09 07:17:40,40.96451000,-8.56550167,1.70,149.900,,16.204,213,25,44,,
T,2022-12-09 07:17:41,40.96438667,-8.56559667,1.70,149.500,,15.299,209,25,44,,
T,2022-12-09 07:17:42,40.96426667,-8.56568000,1.70,148.500,,14.583,209,24,44,,
T,2022-12-09 07:17:43,40.96415167,-8.56576833,1.70,147.900,,14.789,214,25,44,,
T,2022-12-09 07:17:44,40.96404500,-8.56587833,1.70,147.300,,15.036,223,25,44,,
T,2022-12-09 07:17:45,40.96395167,-8.56601000,1.70,146.500,,15.258,230,26,44,,
T,2022-12-09 07:17:46,40.96387000,-8.56616000,1.70,145.200,,15.518,237,25,44,,
T,2022-12-09 07:17:47,40.96380500,-8.56632333,1.70,143.900,,15.338,242,25,44,,
T,2022-12-09 07:17:48,40.96375000,-8.56649000,1.60,143.300,,15.254,245,26,44,,
T,2022-12-09 07:17:49,40.96369833,-8.56666000,1.60,143.200,,15.424,247,26,44,,
T,2022-12-09 07:17:50,40.96365167,-8.56682667,1.60,143.000,,14.644,249,26,44,,
T,2022-12-09 07:17:51,40.96360833,-8.56699000,1.60,142.400,,14.498,249,26,44,,
T,2022-12-09 07:17:52,40.96356500,-8.56715167,1.60,142.200,,14.321,249,26,44,,
T,2022-12-09 07:17:53,40.96352333,-8.56731167,1.60,141.700,,14.344,248,25,44,,
T,2022-12-09 07:17:54,40.96348000,-8.56747333,1.60,140.800,,14.192,248,25,44,,
T,2022-12-09 07:17:55,40.96343333,-8.56764000,1.50,140.600,,14.923,249,24,44,,
T,2022-12-09 07:17:56,40.96338667,-8.56780167,1.50,139.500,,14.502,248,22,44,,
T,2022-12-09 07:17:57,40.96334000,-8.56795667,1.50,138.700,,13.559,247,22,44,,
T,2022-12-09 07:17:58,40.96329167,-8.56810500,1.60,137.900,,13.446,244,22,44,,
T,2022-12-09 07:17:59,40.96323167,-8.56824167,1.70,137.100,,13.412,237,22,43,,
T,2022-12-09 07:18:00,40.96315667,-8.56836833,1.60,136.600,,13.754,228,24,44,,
T,2022-12-09 07:18:01,40.96306833,-8.56848333,1.70,136.200,,13.284,221,26,44,,
T,2022-12-09 07:18:02,40.96297167,-8.56857833,1.70,135.400,,13.197,214,26,44,,
T,2022-12-09 07:18:03,40.96286833,-8.56866500,1.70,135.100,,13.187,215,26,44,,
T,2022-12-09 07:18:04,40.96276667,-8.56875667,1.70,134.900,,13.395,220,26,44,,
T,2022-12-09 07:18:05,40.96267500,-8.56886500,1.70,134.400,,13.219,228,26,44,,
T,2022-12-09 07:18:06,40.96259500,-8.56898333,1.70,133.900,,12.991,234,26,44,,
T,2022-12-09 07:18:07,40.96252500,-8.56911000,1.70,133.500,,13.225,235,26,44,,
T,2022-12-09 07:18:08,40.96246000,-8.56924333,1.70,133.500,,13.204,239,25,44,,
T,2022-12-09 07:18:09,40.96239833,-8.56937833,1.70,133.600,,13.345,239,25,44,,
T,2022-12-09 07:18:10,40.96233667,-8.56951667,1.70,133.300,,13.350,240,26,44,,
T,2022-12-09 07:18:11,40.96228167,-8.56965000,1.70,133.100,,11.900,242,26,44,,
T,2022-12-09 07:18:12,40.96223667,-8.56976000,1.70,133.000,,9.654,240,26,44,,
T,2022-12-09 07:18:13,40.96220000,-8.56984667,1.70,133.000,,7.966,240,26,44,,
T,2022-12-09 07:18:14,40.96217500,-8.56991000,1.80,132.800,,6.163,242,26,44,,
T,2022-12-09 07:18:15,40.96215500,-8.56996667,1.80,132.500,,5.863,242,26,44,,
T,2022-12-09 07:18:16,40.96213000,-8.57002500,1.70,132.400,,7.068,240,27,44,,
T,2022-12-09 07:18:17,40.96209667,-8.57010667,1.70,132.500,,8.511,240,27,44,,
T,2022-12-09 07:18:18,40.96205500,-8.57020333,1.70,132.600,,9.789,240,27,44,,
T,2022-12-09 07:18:19,40.96200667,-8.57030833,1.70,132.400,,11.017,239,27,44,,
T,2022-12-09 07:18:20,40.96194833,-8.57042333,1.70,131.800,,12.185,237,26,44,,
T,2022-12-09 07:18:21,40.96188667,-8.57054833,1.70,131.900,,12.763,236,27,44,,
T,2022-12-09 07:18:22,40.96182167,-8.57067500,1.60,131.600,,13.174,235,27,44,,
T,2022-12-09 07:18:23,40.96175000,-8.57080500,1.60,130.600,,13.917,234,27,44,,
T,2022-12-09 07:18:24,40.96167333,-8.57094167,1.60,130.000,,14.113,233,27,45,,
T,2022-12-09 07:18:25,40.96159833,-8.57106833,1.60,129.700,,12.783,232,27,45,,
T,2022-12-09 07:18:26,40.96153500,-8.57118167,1.60,129.400,,11.193,232,27,45,,
T,2022-12-09 07:18:27,40.96148000,-8.57127667,1.60,129.200,,9.696,233,27,45,,
T,2022-12-09 07:18:28,40.96143333,-8.57135833,1.60,129.200,,7.951,234,27,45,,
T,2022-12-09 07:18:29,40.96139833,-8.57141500,1.60,129.100,,5.736,233,26,45,,
T,2022-12-09 07:18:30,40.96138167,-8.57145167,1.70,128.700,,3.445,238,26,45,,
T,2022-12-09 07:18:31,40.96137333,-8.57147667,1.70,128.300,,2.540,240,25,45,,
T,2022-12-09 07:18:32,40.96135667,-8.57150333,1.70,128.000,,4.027,218,26,45,,
T,2022-12-09 07:18:33,40.96131833,-8.57152500,1.70,128.400,,5.171,197,26,45,,
T,2022-12-09 07:18:34,40.96127167,-8.57153500,1.70,128.500,,5.974,187,26,45,,
T,2022-12-09 07:18:35,40.96121500,-8.57153500,1.70,128.800,,7.174,176,26,45,,
T,2022-12-09 07:18:36,40.96114667,-8.57152667,1.60,128.900,,8.128,174,26,45,,
T,2022-12-09 07:18:37,40.96107833,-8.57151167,1.60,129.100,,7.857,171,26,45,,
T,2022-12-09 07:18:38,40.96101667,-8.57149667,1.60,129.200,,6.377,170,26,45,,
T,2022-12-09 07:18:39,40.96096833,-8.57148333,1.60,129.200,,4.951,170,26,45,,
T,2022-12-09 07:18:40,40.96092167,-8.57147667,1.60,129.000,,5.713,179,26,45,,
T,2022-12-09 07:18:41,40.96085500,-8.57147833,1.60,129.000,,7.599,183,26,45,,
T,2022-12-09 07:18:42,40.96077167,-8.57148500,1.70,129.100,,9.347,185,26,45,,
T,2022-12-09 07:18:43,40.96068000,-8.57149167,1.70,128.800,,10.298,184,26,45,,
T,2022-12-09 07:18:44,40.96058167,-8.57150000,1.70,129.200,,10.761,186,26,45,,
T,2022-12-09 07:18:45,40.96048167,-8.57152000,1.70,129.600,,11.235,193,26,45,,
T,2022-12-09 07:18:46,40.96038500,-8.57156667,1.70,129.500,,11.495,206,26,45,,
T,2022-12-09 07:18:47,40.96029667,-8.57165500,1.70,128.600,,12.396,222,27,45,,
T,2022-12-09 07:18:48,40.96021500,-8.57176833,1.70,128.000,,13.294,229,27,45,,
T,2022-12-09 07:18:49,40.96013667,-8.57189333,1.70,126.900,,13.309,230,27,45,,
T,2022-12-09 07:18:50,40.96005833,-8.57202000,1.60,125.700,,13.590,229,27,45,,
T,2022-12-09 07:18:51,40.95997500,-8.57214167,1.60,125.300,,13.875,228,27,45,,
T,2022-12-09 07:18:52,40.95989333,-8.57227500,1.60,125.700,,14.121,233,27,45,,
T,2022-12-09 07:18:53,40.95981667,-8.57241667,1.60,125.900,,14.360,234,27,45,,
T,2022-12-09 07:18:54,40.95974000,-8.57255667,1.60,126.400,,14.051,235,27,45,,
T,2022-12-09 07:18:55,40.95966833,-8.57269833,1.60,127.000,,14.030,236,27,45,,
T,2022-12-09 07:18:56,40.95959500,-8.57283833,1.60,127.100,,14.030,236,27,45,,
T,2022-12-09 07:18:57,40.95952500,-8.57298333,1.60,127.200,,14.155,238,27,45,,
T,2022-12-09 07:18:58,40.95945167,-8.57312167,1.60,127.200,,14.051,234,27,45,,
T,2022-12-09 07:18:59,40.95937500,-8.57324833,1.70,126.700,,13.505,229,27,45,,
T,2022-12-09 07:19:00,40.95929000,-8.57336333,1.70,126.700,,13.528,225,27,45,,
T,2022-12-09 07:19:01,40.95920667,-8.57348167,1.70,126.900,,13.271,229,27,45,,
T,2022-12-09 07:19:02,40.95913667,-8.57360667,1.70,126.400,,12.844,236,27,45,,
T,2022-12-09 07:19:03,40.95908167,-8.57373667,1.70,126.300,,11.906,241,27,45,,
T,2022-12-09 07:19:04,40.95903500,-8.57385833,1.80,126.200,,10.858,243,27,45,,
T,2022-12-09 07:19:05,40.95899333,-8.57396667,1.80,125.900,,9.713,242,26,45,,
T,2022-12-09 07:19:06,40.95896167,-8.57406000,1.80,125.400,,8.119,242,27,45,,
T,2022-12-09 07:19:07,40.95894167,-8.57413833,1.80,124.400,,6.465,245,27,45,,
T,2022-12-09 07:19:08,40.95892333,-8.57420500,1.80,124.100,,5.412,244,27,45,,
T,2022-12-09 07:19:09,40.95890667,-8.57426167,1.70,123.500,,4.654,243,26,45,,
T,2022-12-09 07:19:10,40.95889167,-8.57431167,1.70,123.100,,4.664,245,26,45,,
T,2022-12-09 07:19:11,40.95887500,-8.57436667,1.70,122.800,,4.896,243,26,45,,
T,2022-12-09 07:19:12,40.95885333,-8.57442167,1.70,123.000,,5.448,242,27,45,,
T,2022-12-09 07:19:13,40.95883167,-8.57448667,1.70,123.100,,6.618,250,27,45,,
T,2022-12-09 07:19:14,40.95881333,-8.57457667,1.70,123.700,,8.424,257,27,45,,
T,2022-12-09 07:19:15,40.95879833,-8.57469000,1.70,123.800,,9.905,259,27,45,,
T,2022-12-09 07:19:16,40.95878500,-8.57481833,1.70,123.700,,10.752,263,27,45,,
T,2022-12-09 07:19:17,40.95877333,-8.57495833,1.80,123.800,,11.820,263,27,45,,
T,2022-12-09 07:19:18,40.95875333,-8.57511667,1.80,124.200,,13.728,261,27,45,,
T,2022-12-09 07:19:19,40.95873333,-8.57528333,1.70,124.400,,14.022,262,27,45,,
T,2022-12-09 07:19:20,40.95871000,-8.57545833,1.70,125.300,,14.998,261,25,45,,
T,2022-12-09 07:19:21,40.95868167,-8.57564333,1.70,125.700,,15.845,260,25,45,,
T,2022-12-09 07:19:22,40.95865833,-8.57583167,1.70,125.800,,15.817,262,24,45,,
T,2022-12-09 07:19:23,40.95863333,-8.57601833,1.70,125.800,,15.921,260,25,45,,
T,2022-12-09 07:19:24,40.95860667,-8.57620500,1.70,125.600,,16.014,260,25,45,,
T,2022-12-09 07:19:25,40.95858000,-8.57639500,1.80,125.600,,16.338,260,25,45,,
T,2022-12-09 07:19:26,40.95855333,-8.57658500,1.70,125.700,,16.422,261,25,45,,
T,2022-12-09 07:19:27,40.95853167,-8.57678167,1.70,125.400,,16.655,265,25,45,,
T,2022-12-09 07:19:28,40.95852167,-8.57698333,1.70,125.400,,17.182,269,25,45,,
T,2022-12-09 07:19:29,40.95852000,-8.57718833,1.70,125.100,,17.494,270,26,45,,
T,2022-12-09 07:19:30,40.95851667,-8.57739667,1.70,124.500,,18.022,267,26,45,,
T,2022-12-09 07:19:31,40.95850833,-8.57760667,1.70,124.300,,17.819,267,26,45,,
T,2022-12-09 07:19:32,40.95849500,-8.57781667,1.60,124.800,,17.731,264,26,45,,
T,2022-12-09 07:19:33,40.95847333,-8.57802333,1.60,124.900,,17.835,262,26,45,,
T,2022-12-09 07:19:34,40.95844500,-8.57823167,1.70,124.700,,17.871,259,26,45,,
T,2022-12-09 07:19:35,40.95841000,-8.57844000,1.70,124.600,,17.870,258,25,45,,
T,2022-12-09 07:19:36,40.95837333,-8.57864500,1.70,124.300,,17.880,255,25,45,,
T,2022-12-09 07:19:37,40.95832500,-8.57884833,1.70,124.100,,18.238,253,25,45,,
T,2022-12-09 07:19:38,40.95827500,-8.57905333,1.70,123.800,,18.222,254,25,45,,
T,2022-12-09 07:19:39,40.95822833,-8.57926167,1.70,123.700,,18.197,254,25,45,,
T,2022-12-09 07:19:40,40.95818333,-8.57946667,1.80,123.800,,17.669,253,25,45,,
T,2022-12-09 07:19:41,40.95814667,-8.57966833,1.80,123.500,,17.935,257,25,45,,
T,2022-12-09 07:19:42,40.95811500,-8.57986000,1.80,122.500,,16.721,261,25,45,,
T,2022-12-09 07:19:43,40.95809333,-8.58005667,1.80,121.800,,16.561,263,25,45,,
T,2022-12-09 07:19:44,40.95808000,-8.58025167,1.80,121.700,,16.330,265,25,45,,
T,2022-12-09 07:19:45,40.95806667,-8.58044667,1.80,121.400,,16.416,264,25,45,,
T,2022-12-09 07:19:46,40.95805333,-8.58063667,1.80,121.000,,16.010,264,25,45,,
T,2022-12-09 07:19:47,40.95803833,-8.58082167,1.80,120.900,,16.268,264,24,45,,
T,2022-12-09 07:19:48,40.95802333,-8.58101333,1.80,121.100,,16.106,264,24,45,,
T,2022-12-09 07:19:49,40.95800833,-8.58120667,1.80,121.200,,16.763,264,25,45,,
T,2022-12-09 07:19:50,40.95799500,-8.58140667,1.80,121.000,,17.421,264,25,45,,
T,2022-12-09 07:19:51,40.95797500,-8.58161667,1.80,120.800,,17.739,263,25,45,,
T,2022-12-09 07:19:52,40.95795500,-8.58183000,1.80,120.900,,18.221,263,24,45,,
T,2022-12-09 07:19:53,40.95793667,-8.58204833,1.70,120.800,,18.125,265,25,45,,
T,2022-12-09 07:19:54,40.95791833,-8.58226667,1.70,121.000,,18.459,264,26,45,,
T,2022-12-09 07:19:55,40.95789833,-8.58248667,1.70,120.600,,18.601,264,26,45,,
T,2022-12-09 07:19:56,40.95787667,-8.58270667,1.70,120.300,,18.576,263,26,45,,
T,2022-12-09 07:19:57,40.95785333,-8.58292500,1.70,120.100,,18.566,263,25,45,,
T,2022-12-09 07:19:58,40.95783333,-8.58314333,1.70,119.500,,18.319,263,25,45,,
T,2022-12-09 07:19:59,40.95781667,-8.58335667,1.70,119.600,,18.149,264,25,45,,
T,2022-12-09 07:20:00,40.95779833,-8.58357000,1.80,119.700,,17.787,264,25,45,,
T,2022-12-09 07:20:01,40.95778000,-8.58378000,1.80,119.800,,17.626,263,25,45,,
T,2022-12-09 07:20:02,40.95776500,-8.58398667,1.80,119.900,,16.848,265,26,45,,
T,2022-12-09 07:20:03,40.95774833,-8.58419167,1.80,120.000,,17.140,265,26,45,,
T,2022-12-09 07:20:04,40.95774333,-8.58439833,1.80,119.600,,17.123,272,26,45,,
T,2022-12-09 07:20:05,40.95776167,-8.58460333,1.70,118.800,,17.601,279,26,45,,
T,2022-12-09 07:20:06,40.95779667,-8.58480667,1.70,117.500,,17.221,282,26,45,,
T,2022-12-09 07:20:07,40.95783500,-8.58501000,1.70,116.000,,17.340,282,26,45,,
T,2022-12-09 07:20:08,40.95786667,-8.58521333,1.70,114.700,,17.416,282,26,45,,
T,2022-12-09 07:20:09,40.95790500,-8.58540667,1.70,113.300,,16.261,286,26,45,,
T,2022-12-09 07:20:10,40.95795167,-8.58558833,1.70,112.500,,15.877,289,26,45,,
T,2022-12-09 07:20:11,40.95799833,-8.58576667,1.70,112.000,,15.858,290,26,45,,
T,2022-12-09 07:20:12,40.95805333,-8.58593667,1.70,111.300,,15.685,295,26,45,,
T,2022-12-09 07:20:13,40.95811833,-8.58610000,1.70,111.400,,15.442,300,26,45,,
T,2022-12-09 07:20:14,40.95819000,-8.58625167,1.70,111.700,,15.203,302,25,45,,
T,2022-12-09 07:20:15,40.95826167,-8.58640000,1.70,111.600,,15.325,302,25,45,,
T,2022-12-09 07:20:16,40.95833333,-8.58655500,1.70,111.700,,15.220,300,26,45,,
T,2022-12-09 07:20:17,40.95840667,-8.58671000,1.80,111.100,,15.171,302,26,45,,
T,2022-12-09 07:20:18,40.95847833,-8.58686667,1.80,110.500,,15.180,300,25,45,,
T,2022-12-09 07:20:19,40.95854333,-8.58702500,1.90,110.100,,15.574,298,25,45,,
T,2022-12-09 07:20:20,40.95860333,-8.58718833,1.90,109.700,,15.546,296,23,45,,
T,2022-12-09 07:20:21,40.95866167,-8.58735167,1.90,109.300,,15.138,295,23,45,,
T,2022-12-09 07:20:22,40.95871167,-8.58751167,1.90,108.500,,14.480,294,23,45,,
T,2022-12-09 07:20:23,40.95875333,-8.58766667,1.90,107.600,,13.488,292,24,45,,
T,2022-12-09 07:20:24,40.95879167,-8.58780833,1.90,106.900,,12.130,288,24,45,,
T,2022-12-09 07:20:25,40.95882000,-8.58794667,1.80,106.300,,11.550,284,25,45,,
T,2022-12-09 07:20:26,40.95884000,-8.58808000,1.80,106.000,,11.542,278,24,45,,
T,2022-12-09 07:20:27,40.95885000,-8.58822000,1.80,105.600,,11.986,274,24,45,,
T,2022-12-09 07:20:28,40.95885167,-8.58836000,1.80,105.000,,11.406,271,24,45,,
T,2022-12-09 07:20:29,40.95884500,-8.58849500,1.70,104.500,,10.871,266,24,45,,
T,2022-12-09 07:20:30,40.95883333,-8.58861500,1.80,104.200,,9.495,262,24,45,,
T,2022-12-09 07:20:31,40.95881833,-8.58871833,1.80,104.300,,7.909,258,24,45,,
T,2022-12-09 07:20:32,40.95880333,-8.58880500,1.80,104.400,,6.806,256,25,45,,
T,2022-12-09 07:20:33,40.95879167,-8.58887667,1.80,104.300,,5.813,259,25,45,,
T,2022-12-09 07:20:34,40.95878333,-8.58893833,1.80,103.900,,5.328,261,26,45,,
T,2022-12-09 07:20:35,40.95878167,-8.58899333,1.80,103.400,,4.693,266,26,45,,
T,2022-12-09 07:20:36,40.95878667,-8.58905167,1.70,103.400,,4.980,281,26,45,,
T,2022-12-09 07:20:37,40.95879833,-8.58911833,1.70,103.400,,6.268,285,27,45,,
T,2022-12-09 07:20:38,40.95881500,-8.58919667,1.70,103.200,,7.119,285,27,45,,
T,2022-12-09 07:20:39,40.95882333,-8.58928167,1.80,103.300,,7.119,271,27,45,,
T,2022-12-09 07:20:40,40.95880833,-8.58936333,1.80,103.400,,7.433,252,27,45,,
T,2022-12-09 07:20:41,40.95877500,-8.58944500,1.80,104.100,,7.930,239,27,45,,
T,2022-12-09 07:20:42,40.95873167,-8.58953667,1.80,104.800,,9.036,241,27,45,,
T,2022-12-09 07:20:43,40.95869167,-8.58964000,1.90,105.100,,9.732,247,27,45,,
T,2022-12-09 07:20:44,40.95866167,-8.58976833,1.90,105.500,,10.868,254,27,45,,
T,2022-12-09 07:20:45,40.95864167,-8.58992167,1.90,105.300,,12.704,261,27,45,,
T,2022-12-09 07:20:46,40.95862833,-8.59007500,1.80,105.700,,12.930,266,27,45,,
T,2022-12-09 07:20:47,40.95862000,-8.59023167,1.80,105.700,,13.381,268,27,45,,
T,2022-12-09 07:20:48,40.95862167,-8.59039667,1.70,105.800,,13.350,273,27,45,,
T,2022-12-09 07:20:49,40.95863000,-8.59056000,1.70,105.600,,13.375,276,27,45,,
T,2022-12-09 07:20:50,40.95864667,-8.59072500,1.70,105.800,,13.132,282,27,45,,
T,2022-12-09 07:20:51,40.95867667,-8.59087500,1.70,105.800,,12.415,288,27,45,,
T,2022-12-09 07:20:52,40.95871667,-8.59101000,1.70,105.800,,12.138,290,28,45,,
T,2022-12-09 07:20:53,40.95875667,-8.59114667,1.70,105.900,,12.371,291,28,45,,
T,2022-12-09 07:20:54,40.95879833,-8.59128333,1.70,105.800,,12.244,292,27,45,,
T,2022-12-09 07:20:55,40.95884167,-8.59141833,1.70,105.600,,12.471,293,27,45,,
T,2022-12-09 07:20:56,40.95888667,-8.59155667,1.70,105.300,,12.479,292,27,45,,
T,2022-12-09 07:20:57,40.95893333,-8.59169333,1.70,105.300,,12.723,292,27,45,,
T,2022-12-09 07:20:58,40.95897833,-8.59183333,1.80,105.000,,12.629,292,27,45,,
T,2022-12-09 07:20:59,40.95902167,-8.59197500,1.80,105.000,,12.845,291,27,45,,
T,2022-12-09 07:21:00,40.95906500,-8.59211833,1.80,104.600,,12.810,291,27,45,,
T,2022-12-09 07:21:01,40.95910500,-8.59225833,1.80,104.400,,12.786,292,27,45,,
T,2022-12-09 07:21:02,40.95914667,-8.59240000,1.80,104.200,,12.798,290,27,45,,
T,2022-12-09 07:21:03,40.95918333,-8.59253667,1.80,104.200,,12.101,289,27,45,,
T,2022-12-09 07:21:04,40.95922000,-8.59267333,1.80,104.100,,12.370,289,25,45,,
T,2022-12-09 07:21:05,40.95925833,-8.59281000,1.80,104.400,,12.487,288,25,45,,
T,2022-12-09 07:21:06,40.95929000,-8.59295333,1.80,104.100,,12.625,286,27,45,,
T,2022-12-09 07:21:07,40.95932167,-8.59310000,1.70,104.000,,12.755,286,24,45,,
T,2022-12-09 07:21:08,40.95935500,-8.59324667,1.70,103.600,,12.783,287,23,45,,
T,2022-12-09 07:21:09,40.95939000,-8.59339667,1.70,103.700,,13.187,287,23,45,,
T,2022-12-09 07:21:10,40.95942667,-8.59354667,1.70,103.500,,13.191,288,23,45,,
T,2022-12-09 07:21:11,40.95946167,-8.59370000,1.70,104.000,,13.186,287,23,45,,
T,2022-12-09 07:21:12,40.95949667,-8.59385167,1.70,103.400,,13.403,286,23,45,,
T,2022-12-09 07:21:13,40.95953167,-8.59400833,1.70,103.300,,13.412,287,25,45,,
T,2022-12-09 07:21:14,40.95956667,-8.59416333,1.70,102.800,,13.444,287,25,45,,
T,2022-12-09 07:21:15,40.95960167,-8.59431833,1.70,102.400,,13.555,287,25,45,,
T,2022-12-09 07:21:16,40.95964000,-8.59447167,1.70,102.100,,13.543,288,25,45,,
T,2022-12-09 07:21:17,40.95967833,-8.59462500,1.70,101.900,,13.576,287,25,45,,
T,2022-12-09 07:21:18,40.95971500,-8.59478000,1.60,101.600,,13.578,287,25,45,,
T,2022-12-09 07:21:19,40.95975000,-8.59493500,1.60,101.700,,13.367,287,25,45,,
T,2022-12-09 07:21:20,40.95978500,-8.59508333,1.60,101.900,,13.064,287,25,45,,
T,2022-12-09 07:21:21,40.95982000,-8.59523500,1.60,102.800,,12.833,287,26,45,,
T,2022-12-09 07:21:22,40.95985167,-8.59538000,1.60,102.900,,12.640,287,27,45,,
T,2022-12-09 07:21:23,40.95988500,-8.59552333,1.60,103.300,,12.622,288,27,45,,
T,2022-12-09 07:21:24,40.95991667,-8.59566833,1.60,103.600,,12.633,286,27,45,,
T,2022-12-09 07:21:25,40.95995000,-8.59581500,1.60,103.800,,12.617,288,27,45,,
T,2022-12-09 07:21:26,40.95998333,-8.59596000,1.60,103.900,,12.630,287,27,45,,
T,2022-12-09 07:21:27,40.96001833,-8.59610500,1.60,103.400,,12.634,287,27,45,,
T,2022-12-09 07:21:28,40.96005167,-8.59625000,1.60,103.200,,12.641,287,28,45,,
T,2022-12-09 07:21:29,40.96008333,-8.59639833,1.60,103.200,,12.658,286,28,45,,
T,2022-12-09 07:21:30,40.96011333,-8.59654833,1.60,103.400,,12.956,286,28,45,,
T,2022-12-09 07:21:31,40.96014167,-8.59670333,1.60,102.900,,12.971,283,28,45,,
T,2022-12-09 07:21:32,40.96016500,-8.59685667,1.60,102.700,,12.985,281,28,45,,
T,2022-12-09 07:21:33,40.96018500,-8.59701167,1.70,102.500,,13.123,279,27,45,,
T,2022-12-09 07:21:34,40.96020667,-8.59716833,1.70,102.100,,13.293,280,27,45,,
T,2022-12-09 07:21:35,40.96022833,-8.59732500,1.70,101.100,,13.040,280,26,45,,
T,2022-12-09 07:21:36,40.96024833,-8.59747833,1.70,100.600,,12.914,280,26,45,,
T,2022-12-09 07:21:37,40.96026500,-8.59762667,1.70,100.200,,12.574,279,26,45,,
T,2022-12-09 07:21:38,40.96028000,-8.59777000,1.70,99.500,,11.967,278,26,45,,
T,2022-12-09 07:21:39,40.96029667,-8.59791167,1.70,99.100,,12.114,280,27,45,,
T,2022-12-09 07:21:40,40.96031000,-8.59805167,1.70,98.800,,11.867,278,27,45,,
T,2022-12-09 07:21:41,40.96032500,-8.59818333,1.70,98.500,,10.869,279,27,45,,
T,2022-12-09 07:21:42,40.96033833,-8.59830667,1.70,97.900,,10.010,279,27,45,,
T,2022-12-09 07:21:43,40.96035167,-8.59841833,1.70,97.600,,9.493,280,27,45,,
T,2022-12-09 07:21:44,40.96036667,-8.59852000,1.70,97.400,,8.518,281,27,45,,
T,2022-12-09 07:21:45,40.96037833,-8.59861500,1.80,97.300,,7.879,280,27,45,,
T,2022-12-09 07:21:46,40.96039000,-8.59871000,1.80,97.100,,8.260,281,27,45,,
T,2022-12-09 07:21:47,40.96040167,-8.59881333,1.80,97.100,,8.832,280,27,45,,
T,2022-12-09 07:21:48,40.96041333,-8.59892333,1.80,97.400,,9.533,281,27,45,,
T,2022-12-09 07:21:49,40.96042833,-8.59903833,1.80,96.800,,9.972,279,27,45,,
T,2022-12-09 07:21:50,40.96044500,-8.59916500,1.80,96.900,,10.958,281,28,45,,
T,2022-12-09 07:21:51,40.96046500,-8.59929833,1.80,96.500,,11.525,280,28,45,,
T,2022-12-09 07:21:52,40.96048333,-8.59943667,1.70,96.800,,11.863,280,28,45,,
T,2022-12-09 07:21:53,40.96049833,-8.59957667,1.70,97.100,,11.768,280,28,45,,
T,2022-12-09 07:21:54,40.96051667,-8.59971667,1.70,97.600,,11.981,283,28,45,,
T,2022-12-09 07:21:55,40.96054167,-8.59985000,1.70,97.900,,11.189,286,28,45,,
T,2022-12-09 07:21:56,40.96056833,-8.59996667,1.70,98.000,,9.924,288,28,45,,
T,2022-12-09 07:21:57,40.96059333,-8.60007167,1.80,98.200,,9.100,289,28,45,,
T,2022-12-09 07:21:58,40.96060500,-8.60017500,1.80,98.500,,9.231,277,28,45,,
T,2022-12-09 07:21:59,40.96059833,-8.60029000,1.90,98.800,,10.247,265,28,45,,
T,2022-12-09 07:22:00,40.96058167,-8.60042000,1.90,98.900,,11.219,264,28,45,,
T,2022-12-09 07:22:01,40.96057333,-8.60056167,1.90,99.000,,12.434,269,28,45,,
T,2022-12-09 07:22:02,40.96058000,-8.60071667,1.90,99.300,,13.535,275,28,45,,
T,2022-12-09 07:22:03,40.96059667,-8.60088167,1.90,99.500,,14.238,279,28,45,,
T,2022-12-09 07:22:04,40.96061333,-8.60105167,1.80,99.000,,14.495,277,27,45,,
T,2022-12-09 07:22:05,40.96063333,-8.60122833,1.80,98.300,,15.029,280,27,45,,
T,2022-12-09 07:22:06,40.96065833,-8.60140333,1.70,97.900,,15.185,280,27,45,,
T,2022-12-09 07:22:07,40.96068167,-8.60158000,1.70,97.800,,15.457,278,28,45,,
T,2022-12-09 07:22:08,40.96070000,-8.60175833,1.70,97.700,,15.143,279,28,45,,
T,2022-12-09 07:22:09,40.96072333,-8.60194000,1.70,97.600,,15.282,280,28,45,,
T,2022-12-09 07:22:10,40.96074667,-8.60211667,1.70,97.600,,15.185,280,28,45,,
T,2022-12-09 07:22:11,40.96077167,-8.60229500,1.70,97.600,,15.352,280,28,45,,
T,2022-12-09 07:22:12,40.96079833,-8.60247833,1.70,98.100,,15.717,280,28,45,,
T,2022-12-09 07:22:13,40.96082500,-8.60266167,1.70,98.100,,15.896,280,28,45,,
T,2022-12-09 07:22:14,40.96085000,-8.60285167,1.70,98.500,,16.257,280,27,45,,
T,2022-12-09 07:22:15,40.96087667,-8.60304167,1.70,98.700,,16.281,281,27,45,,
T,2022-12-09 07:22:16,40.96090333,-8.60323167,1.70,98.900,,15.891,281,27,45,,
T,2022-12-09 07:22:17,40.96093167,-8.60342500,1.70,99.100,,16.400,282,27,45,,
T,2022-12-09 07:22:18,40.96096333,-8.60361833,1.70,99.000,,16.770,282,27,45,,
T,2022-12-09 07:22:19,40.96099500,-8.60381667,1.70,98.900,,17.244,282,26,45,,
T,2022-12-09 07:22:20,40.96103000,-8.60402000,1.70,98.700,,17.274,282,26,45,,
T,2022-12-09 07:22:21,40.96106167,-8.60422333,1.70,98.500,,17.269,281,26,45,,
T,2022-12-09 07:22:22,40.96109333,-8.60442667,1.70,98.300,,17.698,281,26,45,,
T,2022-12-09 07:22:23,40.96112500,-8.60463333,1.70,97.900,,17.659,281,26,45,,
T,2022-12-09 07:22:24,40.96115500,-8.60484167,1.80,97.800,,17.987,281,24,45,,
T,2022-12-09 07:22:25,40.96118833,-8.60505333,1.80,98.400,,18.104,283,26,45,,
T,2022-12-09 07:22:26,40.96122500,-8.60526500,1.70,98.100,,17.879,282,26,45,,
T,2022-12-09 07:22:27,40.96125833,-8.60547333,1.70,98.100,,18.094,282,26,45,,
T,2022-12-09 07:22:28,40.96129167,-8.60568833,1.70,98.400,,18.365,282,25,45,,
T,2022-12-09 07:22:29,40.96132667,-8.60590667,1.70,98.500,,18.516,282,25,45,,
T,2022-12-09 07:22:30,40.96136500,-8.60612500,1.70,98.600,,18.411,282,26,45,,
T,2022-12-09 07:22:31,40.96140000,-8.60634167,1.60,98.300,,18.273,282,26,45,,
T,2022-12-09 07:22:32,40.96143500,-8.60655500,1.60,98.600,,18.178,282,26,45,,
T,2022-12-09 07:22:33,40.96147167,-8.60676500,1.60,98.200,,18.078,283,27,45,,
T,2022-12-09 07:22:34,40.96150667,-8.60697000,1.60,98.200,,17.344,282,28,45,,
T,2022-12-09 07:22:35,40.96153833,-8.60717000,1.60,97.900,,17.222,282,28,45,,
T,2022-12-09 07:22:36,40.96156833,-8.60736833,1.60,97.500,,16.724,282,28,45,,
T,2022-12-09 07:22:37,40.96159833,-8.60756167,1.70,97.200,,16.341,282,28,44,,
T,2022-12-09 07:22:38,40.96162333,-8.60775000,1.70,96.900,,16.015,279,28,44,,
T,2022-12-09 07:22:39,40.96164500,-8.60793667,1.70,96.500,,15.713,279,27,45,,
T,2022-12-09 07:22:40,40.96166667,-8.60811833,1.70,96.200,,15.630,277,27,45,,
T,2022-12-09 07:22:41,40.96168167,-8.60830000,1.70,96.200,,15.395,275,27,45,,
T,2022-12-09 07:22:42,40.96169500,-8.60847667,1.70,96.400,,15.049,275,27,45,,
T,2022-12-09 07:22:43,40.96171167,-8.60865000,1.70,96.900,,14.387,278,26,45,,
T,2022-12-09 07:22:44,40.96172833,-8.60881500,1.70,96.900,,13.768,279,26,45,,
T,2022-12-09 07:22:45,40.96174833,-8.60897000,1.60,97.200,,12.617,280,27,45,,
T,2022-12-09 07:22:46,40.96176500,-8.60910167,1.60,97.200,,10.383,280,27,45,,
T,2022-12-09 07:22:47,40.96178000,-8.60920000,1.60,97.200,,7.448,286,27,45,,
T,2022-12-09 07:22:48,40.96180000,-8.60927333,1.60,97.200,,6.286,298,27,45,,
T,2022-12-09 07:22:49,40.96183333,-8.60933000,1.70,97.000,,6.299,313,27,45,,
T,2022-12-09 07:22:50,40.96189167,-8.60936833,1.80,96.800,,7.444,330,27,45,,
T,2022-12-09 07:22:51,40.96197333,-8.60939667,1.90,96.300,,8.892,338,27,45,,
T,2022-12-09 07:22:52,40.96208000,-8.60942333,2.00,96.200,,10.992,344,27,45,,
T,2022-12-09 07:22:53,40.96218333,-8.60945500,1.90,96.000,,11.550,341,27,45,,
T,2022-12-09 07:22:54,40.96229000,-8.60949333,1.90,96.000,,12.171,340,27,45,,
T,2022-12-09 07:22:55,40.96240167,-8.60953667,1.80,96.300,,13.047,340,27,45,,
T,2022-12-09 07:22:56,40.96251333,-8.60958167,1.70,96.400,,12.541,339,27,45,,
T,2022-12-09 07:22:57,40.96262000,-8.60962833,1.70,96.300,,12.360,340,27,45,,
T,2022-12-09 07:22:58,40.96272667,-8.60967500,1.70,96.000,,12.904,342,28,45,,
T,2022-12-09 07:22:59,40.96283833,-8.60972833,1.70,96.100,,13.276,338,28,45,,
T,2022-12-09 07:23:00,40.96294833,-8.60979500,1.70,96.100,,13.376,335,28,45,,
T,2022-12-09 07:23:01,40.96305667,-8.60986667,1.70,96.000,,13.553,332,28,45,,
T,2022-12-09 07:23:02,40.96316500,-8.60994667,1.70,96.100,,13.906,330,28,45,,
T,2022-12-09 07:23:03,40.96327000,-8.61003000,1.70,96.000,,13.919,329,28,45,,
T,2022-12-09 07:23:04,40.96337500,-8.61011000,1.80,96.100,,13.861,331,27,45,,
T,2022-12-09 07:23:05,40.96348167,-8.61019167,1.80,98.000,,13.973,330,27,45,,
T,2022-12-09 07:23:06,40.96358333,-8.61026333,1.80,98.900,,12.584,332,27,45,,
T,2022-12-09 07:23:07,40.96368333,-8.61033667,1.80,99.000,,12.588,333,28,45,,
T,2022-12-09 07:23:08,40.96378667,-8.61040500,1.80,99.400,,13.113,332,27,45,,
T,2022-12-09 07:23:09,40.96389333,-8.61048167,1.80,100.400,,13.505,331,27,45,,
T,2022-12-09 07:23:10,40.96400333,-8.61056333,1.90,100.600,,13.965,330,26,45,,
T,2022-12-09 07:23:11,40.96411000,-8.61064833,1.90,100.800,,13.562,329,27,45,,
T,2022-12-09 07:23:12,40.96421500,-8.61073167,2.00,100.800,,13.511,330,26,45,,
T,2022-12-09 07:23:13,40.96432167,-8.61081167,2.00,101.000,,13.829,330,26,45,,
T,2022-12-09 07:23:14,40.96442333,-8.61090333,2.00,101.000,,13.937,324,26,45,,
T,2022-12-09 07:23:15,40.96452333,-8.61100667,2.00,100.900,,13.881,321,26,45,,
T,2022-12-09 07:23:16,40.96462333,-8.61110833,2.00,100.900,,13.907,322,26,45,,
T,2022-12-09 07:23:17,40.96471500,-8.61120833,2.00,100.500,,14.022,322,26,45,,
T,2022-12-09 07:23:18,40.96480833,-8.61130667,2.00,100.200,,13.757,323,27,45,,
T,2022-12-09 07:23:19,40.96490000,-8.61141000,1.90,100.400,,13.742,319,27,45,,
T,2022-12-09 07:23:20,40.96499000,-8.61153333,1.90,100.200,,14.046,311,27,45,,
T,2022-12-09 07:23:21,40.96506833,-8.61167500,1.90,99.900,,13.911,304,27,45,,
T,2022-12-09 07:23:22,40.96514000,-8.61183167,1.90,99.600,,15.119,299,27,45,,
T,2022-12-09 07:23:23,40.96520667,-8.61200000,1.90,99.500,,14.633,298,27,45,,
T,2022-12-09 07:23:24,40.96527833,-8.61217333,1.90,99.300,,16.060,298,27,45,,
T,2022-12-09 07:23:25,40.96535000,-8.61234667,1.90,98.900,,15.854,298,27,45,,
T,2022-12-09 07:23:26,40.96542000,-8.61252000,1.90,98.800,,15.490,297,27,45,,
T,2022-12-09 07:23:27,40.96548500,-8.61268667,1.80,99.200,,15.931,297,26,45,,
T,2022-12-09 07:23:28,40.96555000,-8.61284667,1.80,99.300,,14.342,302,26,45,,
T,2022-12-09 07:23:29,40.96562667,-8.61298667,1.70,99.700,,13.953,312,26,45,,
T,2022-12-09 07:23:30,40.96572000,-8.61310000,1.80,99.500,,14.068,323,26,45,,
T,2022-12-09 07:23:31,40.96583000,-8.61319000,1.80,99.400,,14.666,331,26,45,,
T,2022-12-09 07:23:32,40.96595000,-8.61327333,1.70,99.700,,14.812,332,26,45,,
T,2022-12-09 07:23:33,40.96606500,-8.61335000,1.70,99.700,,14.275,332,26,45,,
T,2022-12-09 07:23:34,40.96617667,-8.61343167,1.70,100.100,,14.166,330,26,45,,
T,2022-12-09 07:23:35,40.96628167,-8.61351000,1.70,100.200,,12.941,331,26,45,,
T,2022-12-09 07:23:36,40.96637833,-8.61357667,1.70,100.100,,11.618,332,28,45,,
T,2022-12-09 07:23:37,40.96646000,-8.61362833,1.80,100.200,,9.569,333,28,45,,
T,2022-12-09 07:23:38,40.96652833,-8.61367167,1.80,100.000,,8.022,335,28,45,,
T,2022-12-09 07:23:39,40.96657833,-8.61369500,1.90,100.000,,6.064,340,27,45,,
T,2022-12-09 07:23:40,40.96660833,-8.61370500,2.00,100.000,,4.292,339,27,45,,
T,2022-12-09 07:23:41,40.96661167,-8.61370167,2.00,99.800,,1.887,352,27,45,,
T,2022-12-09 07:23:42,40.96660000,-8.61368833,2.00,99.400,,0.000,,27,45,,
T,2022-12-09 07:23:43,40.96659500,-8.61368167,1.90,99.200,,0.000,,26,45,,
T,2022-12-09 07:23:44,40.96659167,-8.61367833,1.90,98.900,,0.000,,26,45,,
T,2022-12-09 07:23:45,40.96659167,-8.61367833,1.80,98.900,,0.000,,25,45,,
T,2022-12-09 07:23:46,40.96659167,-8.61367833,1.10,98.900,,0.000,,25,45,,
T,2022-12-09 07:23:47,40.96659167,-8.61367833,1.00,98.900,,0.000,,26,45,,
T,2022-12-09 07:23:48,40.96659167,-8.61367833,1.00,98.900,,0.000,,25,45,,
T,2022-12-09 07:23:49,40.96659167,-8.61367833,1.00,98.900,,0.000,,25,45,,
T,2022-12-09 07:23:50,40.96659167,-8.61367833,1.00,98.900,,0.000,,25,45,,
T,2022-12-09 07:23:51,40.96659167,-8.61367833,1.00,98.900,,0.000,,25,45,,
T,2022-12-09 07:23:52,40.96659167,-8.61367833,1.00,98.900,,0.000,,25,45,,
T,2022-12-09 07:23:53,40.96659167,-8.61367833,1.00,98.900,,0.000,,26,45,,
T,2022-12-09 07:23:54,40.96659167,-8.61367833,1.20,98.900,,0.000,,26,45,,
T,2022-12-09 07:23:55,40.96659167,-8.61367833,1.30,98.900,,0.000,,26,45,,
T,2022-12-09 07:23:56,40.96663500,-8.61366667,1.40,98.600,,3.550,6,26,45,,
T,2022-12-09 07:23:57,40.96667500,-8.61366167,1.50,98.500,,4.695,3,25,45,,
T,2022-12-09 07:23:58,40.96672000,-8.61366500,1.60,98.600,,5.199,352,25,45,,
T,2022-12-09 07:23:59,40.96676167,-8.61368500,1.70,98.600,,4.932,327,25,45,,
T,2022-12-09 07:24:00,40.96678833,-8.61372833,1.70,98.400,,4.797,302,25,45,,
T,2022-12-09 07:24:01,40.96679667,-8.61378333,1.80,98.700,,4.679,278,27,45,,
T,2022-12-09 07:24:02,40.96677333,-8.61385833,1.90,98.000,,6.064,251,27,45,,
T,2022-12-09 07:24:03,40.96673500,-8.61394333,1.80,97.400,,7.570,240,27,45,,
T,2022-12-09 07:24:04,40.96669333,-8.61403833,1.80,97.200,,8.889,245,27,45,,
T,2022-12-09 07:24:05,40.96665333,-8.61415333,1.80,96.600,,10.056,250,27,45,,
T,2022-12-09 07:24:06,40.96662000,-8.61429000,1.80,95.900,,11.699,253,27,45,,
T,2022-12-09 07:24:07,40.96658667,-8.61444333,1.80,95.200,,12.823,254,27,45,,
T,2022-12-09 07:24:08,40.96655333,-8.61460333,1.80,94.900,,13.107,254,27,45,,
T,2022-12-09 07:24:09,40.96652167,-8.61475667,1.70,93.900,,13.765,254,28,45,,
T,2022-12-09 07:24:10,40.96648333,-8.61492667,1.70,93.400,,14.659,254,28,45,,
T,2022-12-09 07:24:11,40.96644333,-8.61510000,1.80,92.900,,14.875,253,29,45,,
T,2022-12-09 07:24:12,40.96640333,-8.61527500,1.80,91.700,,15.108,254,23,45,,
T,2022-12-09 07:24:13,40.96635833,-8.61546000,1.80,91.200,,15.507,254,23,45,,
T,2022-12-09 07:24:14,40.96631500,-8.61565000,1.80,90.900,,16.151,255,21,45,,
T,2022-12-09 07:24:15,40.96626833,-8.61584333,1.80,90.300,,16.663,254,20,45,,
T,2022-12-09 07:24:16,40.96621667,-8.61604167,1.80,89.400,,17.028,254,20,45,,
T,2022-12-09 07:24:17,40.96616500,-8.61623833,1.80,88.200,,17.210,253,23,45,,
T,2022-12-09 07:24:18,40.96611167,-8.61643833,1.80,86.900,,17.632,253,23,45,,
T,2022-12-09 07:24:19,40.96606500,-8.61664500,1.80,85.400,,17.764,254,24,45,,
T,2022-12-09 07:24:20,40.96601667,-8.61685167,1.70,84.400,,17.902,253,24,45,,
T,2022-12-09 07:24:21,40.96597167,-8.61706833,1.70,84.000,,18.404,253,24,45,,
T,2022-12-09 07:24:22,40.96592667,-8.61728833,1.70,83.900,,18.288,254,23,45,,
T,2022-12-09 07:24:23,40.96588500,-8.61749500,1.70,83.100,,17.527,254,24,45,,
T,2022-12-09 07:24:24,40.96584500,-8.61770000,1.70,82.700,,17.513,253,24,45,,
T,2022-12-09 07:24:25,40.96580167,-8.61790167,1.70,82.200,,17.664,253,24,45,,
T,2022-12-09 07:24:26,40.96576000,-8.61809500,1.70,81.100,,17.442,253,24,45,,
T,2022-12-09 07:24:27,40.96572000,-8.61827833,1.70,80.100,,15.934,253,24,45,,
T,2022-12-09 07:24:28,40.96568000,-8.61846167,1.70,79.000,,15.901,254,25,45,,
T,2022-12-09 07:24:29,40.96563667,-8.61864500,1.70,77.900,,15.992,251,25,45,,
T,2022-12-09 07:24:30,40.96558667,-8.61882333,1.70,76.500,,16.130,249,26,45,,
T,2022-12-09 07:24:31,40.96553167,-8.61900000,1.70,75.600,,16.130,247,26,45,,
T,2022-12-09 07:24:32,40.96547333,-8.61917500,1.70,74.900,,15.919,246,26,45,,
T,2022-12-09 07:24:33,40.96541500,-8.61934667,1.70,73.800,,16.062,245,26,45,,
T,2022-12-09 07:24:34,40.96536000,-8.61951000,1.70,72.500,,16.006,245,24,45,,
T,2022-12-09 07:24:35,40.96530333,-8.61966000,1.70,70.900,,14.052,244,24,45,,
T,2022-12-09 07:24:36,40.96525333,-8.61980833,1.70,69.500,,13.673,245,24,45,,
T,2022-12-09 07:24:37,40.96520167,-8.61995333,1.70,68.300,,13.689,246,25,45,,
T,2022-12-09 07:24:38,40.96514833,-8.62009833,1.70,66.900,,13.652,244,26,45,,
T,2022-12-09 07:24:39,40.96509333,-8.62024167,1.70,65.500,,13.453,244,26,45,,
T,2022-12-09 07:24:40,40.96504500,-8.62039000,1.70,64.600,,13.192,245,26,45,,
T,2022-12-09 07:24:41,40.96499833,-8.62053167,1.70,63.400,,13.172,246,26,45,,
T,2022-12-09 07:24:42,40.96495167,-8.62067333,1.70,62.200,,12.968,246,26,44,,
T,2022-12-09 07:24:43,40.96490667,-8.62081333,1.70,61.100,,12.654,247,26,44,,
T,2022-12-09 07:24:44,40.96486333,-8.62094333,1.80,60.000,,11.819,244,24,44,,
T,2022-12-09 07:24:45,40.96481833,-8.62106500,1.80,58.800,,10.940,244,24,44,,
T,2022-12-09 07:24:46,40.96477667,-8.62117500,1.80,57.900,,10.107,243,24,44,,
T,2022-12-09 07:24:47,40.96473833,-8.62127500,1.90,57.100,,8.814,243,23,44,,
T,2022-12-09 07:24:48,40.96470833,-8.62135500,1.90,56.500,,7.070,244,23,44,,
T,2022-12-09 07:24:49,40.96468833,-8.62141667,1.90,55.800,,4.913,241,21,44,,
T,2022-12-09 07:24:50,40.96467667,-8.62144833,1.90,55.900,,2.788,240,21,44,,
T,2022-12-09 07:24:51,40.96466667,-8.62147333,1.90,55.600,,2.667,247,21,44,,
T,2022-12-09 07:24:52,40.96465500,-8.62150333,1.80,55.700,,3.406,249,23,44,,
T,2022-12-09 07:24:53,40.96464500,-8.62154667,1.80,55.800,,4.464,252,23,44,,
T,2022-12-09 07:24:54,40.96463000,-8.62160167,1.80,55.900,,5.001,248,24,44,,
T,2022-12-09 07:24:55,40.96461333,-8.62165667,1.90,55.700,,4.993,246,24,44,,
T,2022-12-09 07:24:56,40.96459500,-8.62169833,1.90,55.200,,4.214,241,25,44,,
T,2022-12-09 07:24:57,40.96458000,-8.62173000,1.90,53.900,,3.281,242,25,44,,
T,2022-12-09 07:24:58,40.96456833,-8.62175833,1.90,53.300,,2.141,242,26,44,,
T,2022-12-09 07:24:59,40.96456000,-8.62178333,1.90,53.300,,2.236,244,26,44,,
T,2022-12-09 07:25:00,40.96454667,-8.62182000,1.90,53.100,,3.405,247,27,44,,
T,2022-12-09 07:25:01,40.96453500,-8.62185833,1.90,51.700,,4.479,244,27,44,,
T,2022-12-09 07:25:02,40.96451000,-8.62191500,2.00,51.000,,5.534,239,26,44,,
T,2022-12-09 07:25:03,40.96447500,-8.62199500,2.10,50.500,,7.241,239,26,44,,
T,2022-12-09 07:25:04,40.96444000,-8.62210000,2.10,50.200,,8.809,243,27,44,,
T,2022-12-09 07:25:05,40.96439500,-8.62220667,2.20,50.200,,9.528,241,27,44,,
T,2022-12-09 07:25:06,40.96434667,-8.62232500,2.20,50.100,,10.144,241,27,44,,
T,2022-12-09 07:25:07,40.96430000,-8.62245333,2.20,49.400,,11.465,242,27,44,,
T,2022-12-09 07:25:08,40.96424667,-8.62259667,2.10,48.600,,12.265,244,26,44,,
T,2022-12-09 07:25:09,40.96419167,-8.62274833,2.10,48.200,,13.277,246,25,44,,
T,2022-12-09 07:25:10,40.96413000,-8.62292667,1.90,48.300,,13.572,245,26,44,,
T,2022-12-09 07:25:11,40.96406833,-8.62309667,1.80,48.900,,13.957,245,25,44,,
T,2022-12-09 07:25:12,40.96400500,-8.62326667,1.80,49.200,,14.688,244,25,44,,
T,2022-12-09 07:25:13,40.96394167,-8.62343333,1.70,49.500,,14.713,244,26,44,,
T,2022-12-09 07:25:14,40.96388167,-8.62359167,1.70,49.700,,14.000,243,27,44,,
T,2022-12-09 07:25:15,40.96382333,-8.62373833,1.70,49.700,,12.763,244,27,44,,
T,2022-12-09 07:25:16,40.96377167,-8.62387000,1.80,49.100,,12.160,242,28,44,,
T,2022-12-09 07:25:17,40.96372333,-8.62399833,1.80,48.200,,12.804,245,27,44,,
T,2022-12-09 07:25:18,40.96367333,-8.62413833,1.80,47.300,,13.153,244,27,44,,
T,2022-12-09 07:25:19,40.96362167,-8.62427500,1.70,46.100,,13.599,243,27,44,,
T,2022-12-09 07:25:20,40.96356833,-8.62441833,1.70,45.000,,13.862,244,27,44,,
T,2022-12-09 07:25:21,40.96352000,-8.62456833,1.70,44.000,,13.855,245,27,44,,
T,2022-12-09 07:25:22,40.96347000,-8.62472167,1.60,43.300,,14.163,245,27,44,,
T,2022-12-09 07:25:23,40.96341833,-8.62487333,1.60,42.400,,14.221,245,31,44,,
T,2022-12-09 07:25:24,40.96336500,-8.62502167,1.60,41.600,,14.041,244,31,44,,
T,2022-12-09 07:25:25,40.96331000,-8.62517333,1.60,40.800,,14.024,245,29,44,,
T,2022-12-09 07:25:26,40.96325667,-8.62532333,1.60,40.000,,13.832,245,28,44,,
T,2022-12-09 07:25:27,40.96320167,-8.62547333,1.60,39.600,,13.682,244,28,44,,
T,2022-12-09 07:25:28,40.96314667,-8.62561500,1.60,38.700,,13.742,244,29,44,,
T,2022-12-09 07:25:29,40.96309500,-8.62576833,1.60,38.100,,13.647,244,28,44,,
T,2022-12-09 07:25:30,40.96304333,-8.62592000,1.60,37.400,,13.548,244,29,44,,
T,2022-12-09 07:25:31,40.96299167,-8.62606333,1.60,36.800,,12.754,244,29,44,,
T,2022-12-09 07:25:32,40.96294167,-8.62620333,1.60,36.000,,12.733,243,30,44,,
T,2022-12-09 07:25:33,40.96289167,-8.62634000,1.60,35.200,,12.545,245,30,44,,
T,2022-12-09 07:25:34,40.96284500,-8.62647333,1.60,34.400,,12.553,245,30,44,,
T,2022-12-09 07:25:35,40.96279667,-8.62660500,1.60,33.200,,12.642,244,30,44,,
T,2022-12-09 07:25:36,40.96274833,-8.62673500,1.60,31.800,,12.273,244,30,44,,
T,2022-12-09 07:25:37,40.96270000,-8.62685833,1.60,30.600,,11.547,244,31,44,,
T,2022-12-09 07:25:38,40.96265667,-8.62697500,1.60,29.600,,10.753,244,30,44,,
T,2022-12-09 07:25:39,40.96261167,-8.62709167,1.60,29.200,,10.613,243,30,44,,
T,2022-12-09 07:25:40,40.96257000,-8.62720500,1.60,28.800,,10.337,245,30,44,,
T,2022-12-09 07:25:41,40.96253167,-8.62731333,1.60,28.200,,9.560,244,30,44,,
T,2022-12-09 07:25:42,40.96249500,-8.62741333,1.60,28.000,,8.394,244,30,44,,
T,2022-12-09 07:25:43,40.96246500,-8.62749333,1.60,27.900,,6.650,243,30,43,,
T,2022-12-09 07:25:44,40.96244333,-8.62754833,1.60,27.700,,4.384,240,30,43,,
T,2022-12-09 07:25:45,40.96243000,-8.62758167,1.70,27.500,,2.695,237,30,43,,
T,2022-12-09 07:25:46,40.96242000,-8.62760500,1.70,27.500,,1.814,238,30,43,,
T,2022-12-09 07:25:47,40.96241667,-8.62761833,1.70,27.600,,0.000,,31,43,,
T,2022-12-09 07:25:48,40.96241667,-8.62762167,1.70,27.400,,0.000,,30,43,,
T,2022-12-09 07:25:49,40.96241667,-8.62762000,1.70,27.700,,0.000,,30,43,,
T,2022-12-09 07:25:50,40.96241667,-8.62762000,1.70,27.700,,0.000,,30,43,,
T,2022-12-09 07:25:51,40.96241667,-8.62762000,1.70,27.700,,0.000,,29,43,,
T,2022-12-09 07:25:52,40.96241667,-8.62762000,1.70,27.700,,0.000,,29,43,,
T,2022-12-09 07:25:53,40.96241667,-8.62762000,1.10,27.700,,0.000,,30,43,,
T,2022-12-09 07:25:54,40.96241667,-8.62762000,1.00,27.700,,0.000,,30,43,,
T,2022-12-09 07:25:55,40.96241667,-8.62762000,1.00,27.700,,0.000,,30,43,,
T,2022-12-09 07:25:56,40.96241667,-8.62762000,1.00,27.700,,0.000,,30,43,,
T,2022-12-09 07:25:57,40.96241667,-8.62762000,1.00,27.700,,0.000,,29,43,,
T,2022-12-09 07:25:58,40.96241667,-8.62762000,1.00,27.700,,0.000,,29,43,,
T,2022-12-09 07:25:59,40.96241667,-8.62762000,1.00,27.700,,0.000,,29,43,,
T,2022-12-09 07:26:00,40.96241667,-8.62762000,1.00,27.700,,0.000,,28,43,,
T,2022-12-09 07:26:01,40.96241667,-8.62762000,1.00,27.700,,0.000,,28,43,,
T,2022-12-09 07:26:02,40.96241667,-8.62762000,1.00,27.700,,0.000,,28,43,,
T,2022-12-09 07:26:03,40.96241667,-8.62762000,1.00,27.700,,0.000,,28,43,,
T,2022-12-09 07:26:04,40.96241667,-8.62762000,1.10,27.700,,0.000,,28,43,,
T,2022-12-09 07:26:05,40.96241667,-8.62762000,1.30,27.700,,0.000,,26,43,,
T,2022-12-09 07:26:06,40.96240167,-8.62764833,1.40,27.800,,1.203,261,26,43,,
T,2022-12-09 07:26:07,40.96239667,-8.62766167,1.60,27.700,,1.230,259,27,43,,
T,2022-12-09 07:26:08,40.96238500,-8.62769000,1.80,27.400,,2.052,247,27,43,,
T,2022-12-09 07:26:09,40.96237000,-8.62773667,1.90,26.900,,2.644,248,28,43,,
T,2022-12-09 07:26:10,40.96234833,-8.62779667,1.90,26.200,,3.981,240,28,43,,
T,2022-12-09 07:26:11,40.96232333,-8.62786167,1.90,25.800,,4.908,245,27,43,,
T,2022-12-09 07:26:12,40.96230333,-8.62792333,2.00,25.100,,5.047,248,23,43,,
T,2022-12-09 07:26:13,40.96228167,-8.62797833,2.00,24.100,,5.416,247,23,43,,
T,2022-12-09 07:26:14,40.96225833,-8.62804000,1.90,23.200,,5.232,250,24,43,,
T,2022-12-09 07:26:15,40.96223333,-8.62811000,2.00,22.300,,5.756,249,25,43,,
T,2022-12-09 07:26:16,40.96220667,-8.62818667,2.00,21.600,,6.463,249,25,43,,
T,2022-12-09 07:26:17,40.96217667,-8.62827333,1.90,21.100,,7.476,247,25,43,,
T,2022-12-09 07:26:18,40.96214667,-8.62836667,1.90,20.700,,8.159,247,26,43,,
T,2022-12-09 07:26:19,40.96211500,-8.62846667,1.90,20.100,,8.524,248,25,43,,
T,2022-12-09 07:26:20,40.96208500,-8.62857333,1.90,19.500,,9.165,251,26,43,,
T,2022-12-09 07:26:21,40.96205167,-8.62868167,1.90,19.300,,9.163,248,25,43,,
T,2022-12-09 07:26:22,40.96201500,-8.62879333,1.90,18.900,,9.646,249,25,43,,
T,2022-12-09 07:26:23,40.96198000,-8.62890833,1.90,18.600,,9.662,251,24,43,,
T,2022-12-09 07:26:24,40.96195333,-8.62902333,1.90,18.100,,9.851,254,25,43,,
T,2022-12-09 07:26:25,40.96193000,-8.62914667,1.90,17.900,,10.453,256,25,43,,
T,2022-12-09 07:26:26,40.96191000,-8.62926833,2.00,17.600,,9.968,260,25,43,,
T,2022-12-09 07:26:27,40.96189667,-8.62939167,2.00,17.100,,10.156,265,25,43,,
T,2022-12-09 07:26:28,40.96188500,-8.62951500,2.00,17.400,,10.726,266,24,43,,
T,2022-12-09 07:26:29,40.96188667,-8.62963500,2.00,17.300,,10.870,274,25,43,,
T,2022-12-09 07:26:30,40.96189667,-8.62975667,2.00,17.500,,10.853,278,21,43,,
T,2022-12-09 07:26:31,40.96191500,-8.62988500,2.00,17.500,,11.703,282,21,43,,
T,2022-12-09 07:26:32,40.96193500,-8.63001833,2.00,17.400,,12.105,280,23,43,,
T,2022-12-09 07:26:33,40.96196000,-8.63015667,2.00,17.400,,12.457,282,21,43,,
T,2022-12-09 07:26:34,40.96198333,-8.63029667,2.00,17.500,,12.694,281,21,43,,
T,2022-12-09 07:26:35,40.96201167,-8.63044333,2.00,17.100,,12.729,284,23,43,,
T,2022-12-09 07:26:36,40.96204000,-8.63058333,1.90,17.200,,12.739,283,23,43,,
T,2022-12-09 07:26:37,40.96206333,-8.63072833,1.90,17.400,,12.829,282,23,43,,
T,2022-12-09 07:26:38,40.96208833,-8.63087333,1.90,17.400,,12.740,282,23,43,,
T,2022-12-09 07:26:39,40.96211167,-8.63101833,1.90,17.400,,12.702,282,23,43,,
T,2022-12-09 07:26:40,40.96213500,-8.63116833,1.90,17.300,,12.828,282,24,43,,
T,2022-12-09 07:26:41,40.96215833,-8.63131500,1.80,16.800,,12.849,281,24,43,,
T,2022-12-09 07:26:42,40.96218167,-8.63146833,1.80,16.900,,13.088,282,24,43,,
T,2022-12-09 07:26:43,40.96220333,-8.63161500,1.80,15.400,,12.842,282,25,43,,
T,2022-12-09 07:26:44,40.96222500,-8.63176000,1.80,15.300,,12.580,283,25,43,,
T,2022-12-09 07:26:45,40.96225167,-8.63190667,1.70,15.600,,12.565,282,25,43,,
T,2022-12-09 07:26:46,40.96227667,-8.63205000,1.70,15.300,,12.451,283,25,43,,
T,2022-12-09 07:26:47,40.96230167,-8.63219000,1.70,14.600,,12.102,282,25,43,,
T,2022-12-09 07:26:48,40.96232667,-8.63233000,1.70,14.800,,12.076,282,26,43,,
T,2022-12-09 07:26:49,40.96234833,-8.63246500,1.70,14.900,,11.742,282,26,43,,
T,2022-12-09 07:26:50,40.96237000,-8.63259667,1.70,14.400,,11.375,282,27,43,,
T,2022-12-09 07:26:51,40.96239000,-8.63272667,1.70,14.000,,10.874,282,24,43,,
T,2022-12-09 07:26:52,40.96240667,-8.63285000,1.70,13.600,,10.385,282,26,43,,
T,2022-12-09 07:26:53,40.96242667,-8.63296833,1.70,12.900,,10.240,283,26,43,,
T,2022-12-09 07:26:54,40.96244500,-8.63309167,1.70,12.700,,10.390,282,26,43,,
T,2022-12-09 07:26:55,40.96246167,-8.63321333,1.80,12.600,,10.671,281,25,43,,
T,2022-12-09 07:26:56,40.96247500,-8.63333833,1.80,12.500,,10.771,281,24,43,,
T,2022-12-09 07:26:57,40.96249500,-8.63346500,1.70,12.500,,10.760,281,24,43,,
T,2022-12-09 07:26:58,40.96251500,-8.63359167,1.70,12.600,,10.792,281,25,43,,
T,2022-12-09 07:26:59,40.96253500,-8.63372000,1.70,12.700,,10.768,283,25,43,,
T,2022-12-09 07:27:00,40.96255667,-8.63384500,1.70,12.900,,10.754,284,25,43,,
T,2022-12-09 07:27:01,40.96257500,-8.63396333,1.70,12.500,,10.085,282,26,43,,
T,2022-12-09 07:27:02,40.96259333,-8.63407667,1.80,11.800,,9.721,282,25,43,,
T,2022-12-09 07:27:03,40.96261333,-8.63418667,1.70,11.500,,9.480,283,26,43,,
T,2022-12-09 07:27:04,40.96263167,-8.63429667,1.70,11.200,,9.393,283,26,43,,
T,2022-12-09 07:27:05,40.96264833,-8.63440000,1.70,10.600,,8.901,282,24,43,,
T,2022-12-09 07:27:06,40.96266500,-8.63449667,1.70,10.300,,8.185,283,23,43,,
T,2022-12-09 07:27:07,40.96268000,-8.63458667,1.70,10.100,,7.268,284,23,43,,
T,2022-12-09 07:27:08,40.96269500,-8.63466667,1.70,10.300,,6.526,284,23,43,,
T,2022-12-09 07:27:09,40.96270667,-8.63473500,1.70,10.700,,5.652,282,23,43,,
T,2022-12-09 07:27:10,40.96271833,-8.63479833,1.70,11.000,,5.205,281,23,43,,
T,2022-12-09 07:27:11,40.96272667,-8.63485500,1.70,10.400,,4.303,282,23,43,,
T,2022-12-09 07:27:12,40.96273500,-8.63489833,1.70,10.000,,3.617,285,23,43,,
T,2022-12-09 07:27:13,40.96274333,-8.63493833,1.70,9.600,,3.644,285,22,43,,
T,2022-12-09 07:27:14,40.96275167,-8.63497833,1.70,9.300,,3.763,283,22,43,,
T,2022-12-09 07:27:15,40.96275667,-8.63502167,1.70,9.000,,3.733,280,22,43,,
T,2022-12-09 07:27:16,40.96276500,-8.63506667,1.80,8.400,,4.034,283,21,43,,
T,2022-12-09 07:27:17,40.96277167,-8.63510667,1.80,8.200,,3.035,287,25,43,,
T,2022-12-09 07:27:18,40.96277667,-8.63513500,1.80,8.400,,1.971,294,25,43,,
T,2022-12-09 07:27:19,40.96277667,-8.63515667,1.90,8.400,,1.991,279,25,43,,
T,2022-12-09 07:27:20,40.96277000,-8.63518333,1.90,7.800,,2.357,264,24,43,,
T,2022-12-09 07:27:21,40.96276667,-8.63521167,1.90,7.800,,2.531,245,25,43,,
T,2022-12-09 07:27:22,40.96274167,-8.63522500,1.80,7.400,,2.801,225,28,43,,
T,2022-12-09 07:27:23,40.96271667,-8.63524500,1.80,7.100,,3.129,210,26,43,,
T,2022-12-09 07:27:24,40.96269333,-8.63525833,1.80,7.100,,2.000,192,27,43,,
T,2022-12-09 07:27:25,40.96267500,-8.63526500,1.80,7.200,,1.336,192,26,43,,
T,2022-12-09 07:27:26,40.96266167,-8.63527000,1.80,6.900,,1.680,192,26,43,,
T,2022-12-09 07:27:27,40.96264333,-8.63526833,1.70,7.800,,2.242,177,26,43,,
T,2022-12-09 07:27:28,40.96261500,-8.63526500,1.80,8.400,,3.371,179,25,43,,
T,2022-12-09 07:27:29,40.96257833,-8.63526167,1.80,9.300,,4.281,180,25,43,,
T,2022-12-09 07:27:30,40.96253500,-8.63526167,1.80,10.000,,4.282,179,25,43,,
T,2022-12-09 07:27:31,40.96249167,-8.63526500,1.70,10.400,,4.318,183,25,43,,
T,2022-12-09 07:27:32,40.96244500,-8.63527333,1.70,10.600,,4.821,191,25,43,,
T,2022-12-09 07:27:33,40.96239333,-8.63528833,1.70,10.800,,5.146,192,25,43,,
T,2022-12-09 07:27:34,40.96234333,-8.63530000,1.70,11.200,,5.010,187,25,43,,
T,2022-12-09 07:27:35,40.96229500,-8.63530500,1.60,11.800,,5.047,180,25,43,,
T,2022-12-09 07:27:36,40.96224833,-8.63530333,1.60,11.700,,4.823,177,26,43,,
T,2022-12-09 07:27:37,40.96220667,-8.63530167,1.60,11.800,,4.220,181,26,43,,
T,2022-12-09 07:27:38,40.96216833,-8.63530167,1.60,11.700,,4.191,181,26,43,,
T,2022-12-09 07:27:39,40.96213333,-8.63530333,1.50,11.700,,3.533,180,26,43,,
T,2022-12-09 07:27:40,40.96210667,-8.63530500,1.50,11.500,,2.289,178,26,43,,
T,2022-12-09 07:27:41,40.96209500,-8.63530667,1.50,11.500,,0.000,,28,43,,
T,2022-12-09 07:27:42,40.96209333,-8.63530667,1.50,11.500,,0.000,,28,43,,
T,2022-12-09 07:27:43,40.96209500,-8.63530667,1.50,11.200,,0.000,,26,43,,
T,2022-12-09 07:27:44,40.96209500,-8.63530667,1.50,11.200,,0.000,,26,43,,
T,2022-12-09 07:27:45,40.96209500,-8.63530667,1.50,11.200,,0.000,,26,43,,
T,2022-12-09 07:27:46,40.96209500,-8.63530667,1.60,11.200,,0.000,,26,43,,
T,2022-12-09 07:27:47,40.96209500,-8.63530667,1.60,11.200,,0.000,,26,43,,
T,2022-12-09 07:27:48,40.96209500,-8.63530667,1.60,11.200,,0.000,,26,43,,
T,2022-12-09 07:27:49,40.96209500,-8.63530667,1.60,11.200,,0.000,,26,43,,
T,2022-12-09 07:27:50,40.96209500,-8.63530667,1.60,11.200,,0.000,,28,43,,
T,2022-12-09 07:27:51,40.96209500,-8.63530667,1.60,11.200,,0.000,,29,43,,
T,2022-12-09 07:27:52,40.96209500,-8.63530667,1.60,11.200,,0.000,,29,43,,
