40.96674500,-8.54807000
40.96674500,-8.54807000
40.96674500,-8.54806000
40.96674833,-8.54806500
40.96675000,-8.54809333
40.96675500,-8.54814500
40.96676833,-8.54821167
40.96676833,-8.54821167
40.96679667,-8.54838000
40.96681667,-8.54851667
40.96683833,-8.54866167
40.96686167,-8.54880333
40.96689000,-8.54894833
40.96691833,-8.54909667
40.96695167,-8.54923833
40.96699000,-8.54936333
40.96703500,-8.54947833
40.96710000,-8.54957667
40.96718333,-8.54965667
40.96727833,-8.54971333
40.96738333,-8.54975833
40.96749167,-8.54980000
40.96760167,-8.54984333
40.96770167,-8.54988833
40.96780000,-8.54994500
40.96789500,-8.55002667
40.96797667,-8.55014167
40.96804500,-8.55028333
40.96810000,-8.55045167
40.96814000,-8.55063667
40.96818000,-8.55082667
40.96822000,-8.55102167
40.96826667,-8.55122000
40.96832000,-8.55142500
40.96838667,-8.55163000
40.96846000,-8.55184000
40.96853667,-8.55204333
40.96860500,-8.55225000
40.96866667,-8.55245667
40.96871167,-8.55265833
40.96873833,-8.55286667
40.96876333,-8.55308000
40.96878000,-8.55329833
40.96879333,-8.55352167
40.96880833,-8.55375500
40.96882667,-8.55399333
40.96884167,-8.55423833
40.96885333,-8.55449500
40.96886833,-8.55475167
40.96888667,-8.55500500
40.96890500,-8.55525500
40.96892167,-8.55549000
40.96894167,-8.55570833
40.96896167,-8.55590833
40.96897500,-8.55608833
40.96898333,-8.55624500
40.96898000,-8.55636333
40.96897167,-8.55645667
40.96894667,-8.55652833
40.96890667,-8.55658667
40.96885333,-8.55663667
40.96880667,-8.55668667
40.96876833,-8.55674333
40.96873500,-8.55681667
40.96871167,-8.55690667
40.96870333,-8.55700167
40.96870500,-8.55710667
40.96870833,-8.55720667
40.96871000,-8.55729000
40.96869833,-8.55735833
40.96866333,-8.55741667
40.96860500,-8.55746000
40.96852167,-8.55748333
40.96843000,-8.55751000
40.96833500,-8.55754333
40.96823333,-8.55760000
40.96812833,-8.55767000
40.96802167,-8.55774500
40.96791000,-8.55782500
40.96780000,-8.55791167
40.96768667,-8.55800000
40.96757333,-8.55809667
40.96745667,-8.55818833
40.96734000,-8.55827000
40.96720333,-8.55832500
40.96706333,-8.55837167
40.96691667,-8.55842000
40.96677167,-8.55847333
40.96662000,-8.55853167
40.96646667,-8.55857667
40.96632500,-8.55862333
40.96620167,-8.55866833
40.96609667,-8.55870000
40.96600333,-8.55870333
40.96590833,-8.55867667
40.96581333,-8.55862500
40.96570833,-8.55857333
40.96559833,-8.55851167
40.96548000,-8.55843500
40.96535667,-8.55835833
40.96523167,-8.55828333
40.96511167,-8.55821167
40.96500167,-8.55814667
40.96489333,-8.55810000
40.96478333,-8.55807000
40.96467000,-8.55806000
40.96454833,-8.55807000
40.96443500,-8.55809500
40.96434167,-8.55813833
40.96426500,-8.55820167
40.96420833,-8.55826000
40.96417500,-8.55832667
40.96416167,-8.55839500
40.96416500,-8.55844667
40.96417333,-8.55848000
40.96418000,-8.55849833
40.96418500,-8.55850833
40.96418833,-8.55851833
40.96418833,-8.55851833
40.96418833,-8.55851833
40.96418833,-8.55851833
40.96418833,-8.55851833
40.96421500,-8.55859667
40.96423167,-8.55863333
40.96425833,-8.55869000
40.96429167,-8.55876333
40.96432000,-8.55883833
40.96433167,-8.55892833
40.96433000,-8.55902333
40.96430833,-8.55911333
40.96427167,-8.55920500
40.96423333,-8.55929167
40.96420000,-8.55938333
40.96418167,-8.55948333
40.96418833,-8.55958667
40.96421333,-8.55969833
40.96426500,-8.55981000
40.96433167,-8.55993000
40.96442333,-8.56006833
40.96450833,-8.56020667
40.96459000,-8.56034167
40.96467167,-8.56047833
40.96475000,-8.56061000
40.96482833,-8.56074333
40.96490500,-8.56087833
40.96497833,-8.56101167
40.96505333,-8.56114500
40.96513000,-8.56128333
40.96521167,-8.56142500
40.96529000,-8.56156833
40.96536667,-8.56170833
40.96544333,-8.56184667
40.96551833,-8.56198167
40.96559500,-8.56211667
40.96567333,-8.56225167
40.96574667,-8.56238333
40.96582167,-8.56251333
40.96589500,-8.56264333
40.96596500,-8.56276833
40.96603167,-8.56288667
40.96609167,-8.56298833
40.96613833,-8.56307000
40.96617167,-8.56312333
40.96620000,-8.56316833
40.96622333,-8.56321500
40.96623333,-8.56326833
40.96621667,-8.56333167
40.96617167,-8.56340167
40.96610833,-8.56348333
40.96602833,-8.56358000
40.96594000,-8.56369167
40.96584333,-8.56381833
40.96574167,-8.56395000
40.96563667,-8.56408167
40.96552833,-8.56422333
40.96541667,-8.56436833
40.96530500,-8.56451500
40.96519500,-8.56466500
40.96508333,-8.56481500
40.96496833,-8.56497000
40.96485667,-8.56511833
40.96474833,-8.56526000
40.96463333,-8.56538833
40.96451000,-8.56550167
40.96438667,-8.56559667
40.96426667,-8.56568000
40.96415167,-8.56576833
40.96404500,-8.56587833
40.96395167,-8.56601000
40.96387000,-8.56616000
40.96380500,-8.56632333
40.96375000,-8.56649000
40.96369833,-8.56666000
40.96365167,-8.56682667
40.96360833,-8.56699000
40.96356500,-8.56715167
40.96352333,-8.56731167
40.96348000,-8.56747333
40.96343333,-8.56764000
40.96338667,-8.56780167
40.96334000,-8.56795667
40.96329167,-8.56810500
40.96323167,-8.56824167
40.96315667,-8.56836833
40.96306833,-8.56848333
40.96297167,-8.56857833
40.96286833,-8.56866500
40.96276667,-8.56875667
40.96267500,-8.56886500
40.96259500,-8.56898333
40.96252500,-8.56911000
40.96246000,-8.56924333
40.96239833,-8.56937833
40.96233667,-8.56951667
40.96228167,-8.56965000
40.96223667,-8.56976000
40.96220000,-8.56984667
40.96217500,-8.56991000
40.96215500,-8.56996667
40.96213000,-8.57002500
40.96209667,-8.57010667
40.96205500,-8.57020333
40.96200667,-8.57030833
40.96194833,-8.57042333
40.96188667,-8.57054833
40.96182167,-8.57067500
40.96175000,-8.57080500
40.96167333,-8.57094167
40.96159833,-8.57106833
40.96153500,-8.57118167
40.96148000,-8.57127667
40.96143333,-8.57135833
40.96139833,-8.57141500
40.96138167,-8.57145167
40.96137333,-8.57147667
40.96135667,-8.57150333
40.96131833,-8.57152500
40.96127167,-8.57153500
40.96121500,-8.57153500
40.96114667,-8.57152667
40.96107833,-8.57151167
40.96101667,-8.57149667
40.96096833,-8.57148333
40.96092167,-8.57147667
40.96085500,-8.57147833
40.96077167,-8.57148500
40.96068000,-8.57149167
40.96058167,-8.57150000
40.96048167,-8.57152000
40.96038500,-8.57156667
40.96029667,-8.57165500
40.96021500,-8.57176833
40.96013667,-8.57189333
40.96005833,-8.57202000
40.95997500,-8.57214167
40.95989333,-8.57227500
40.95981667,-8.57241667
40.95974000,-8.57255667
40.95966833,-8.57269833
40.95959500,-8.57283833
40.95952500,-8.57298333
40.95945167,-8.57312167
40.95937500,-8.57324833
40.95929000,-8.57336333
40.95920667,-8.57348167
40.95913667,-8.57360667
40.95908167,-8.57373667
40.95903500,-8.57385833
40.95899333,-8.57396667
40.95896167,-8.57406000
40.95894167,-8.57413833
40.95892333,-8.57420500
40.95890667,-8.57426167
40.95889167,-8.57431167
40.95887500,-8.57436667
40.95885333,-8.57442167
40.95883167,-8.57448667
40.95881333,-8.57457667
40.95879833,-8.57469000
40.95878500,-8.57481833
40.95877333,-8.57495833
40.95875333,-8.57511667
40.95873333,-8.57528333
40.95871000,-8.57545833
40.95868167,-8.57564333
40.95865833,-8.57583167
40.95863333,-8.57601833
40.95860667,-8.57620500
40.95858000,-8.57639500
40.95855333,-8.57658500
40.95853167,-8.57678167
40.95852167,-8.57698333
40.95852000,-8.57718833
40.95851667,-8.57739667
40.95850833,-8.57760667
40.95849500,-8.57781667
40.95847333,-8.57802333
40.95844500,-8.57823167
40.95841000,-8.57844000
40.95837333,-8.57864500
40.95832500,-8.57884833
40.95827500,-8.57905333
40.95822833,-8.57926167
40.95818333,-8.57946667
40.95814667,-8.57966833
40.95811500,-8.57986000
40.95809333,-8.58005667
40.95808000,-8.58025167
40.95806667,-8.58044667
40.95805333,-8.58063667
40.95803833,-8.58082167
40.95802333,-8.58101333
40.95800833,-8.58120667
40.95799500,-8.58140667
40.95797500,-8.58161667
40.95795500,-8.58183000
40.95793667,-8.58204833
40.95791833,-8.58226667
40.95789833,-8.58248667
40.95787667,-8.58270667
40.95785333,-8.58292500
40.95783333,-8.58314333
40.95781667,-8.58335667
40.95779833,-8.58357000
40.95778000,-8.58378000
40.95776500,-8.58398667
40.95774833,-8.58419167
40.95774333,-8.58439833
40.95776167,-8.58460333
40.95779667,-8.58480667
40.95783500,-8.58501000
40.95786667,-8.58521333
40.95790500,-8.58540667
40.95795167,-8.58558833
40.95799833,-8.58576667
40.95805333,-8.58593667
40.95811833,-8.58610000
40.95819000,-8.58625167
40.95826167,-8.58640000
40.95833333,-8.58655500
40.95840667,-8.58671000
40.95847833,-8.58686667
40.95854333,-8.58702500
40.95860333,-8.58718833
40.95866167,-8.58735167
40.95871167,-8.58751167
40.95875333,-8.58766667
40.95879167,-8.58780833
40.95882000,-8.58794667
40.95884000,-8.58808000
40.95885000,-8.58822000
40.95885167,-8.58836000
40.95884500,-8.58849500
40.95883333,-8.58861500
40.95881833,-8.58871833
40.95880333,-8.58880500
40.95879167,-8.58887667
40.95878333,-8.58893833
40.95878167,-8.58899333
40.95878667,-8.58905167
40.95879833,-8.58911833
40.95881500,-8.58919667
40.95882333,-8.58928167
40.95880833,-8.58936333
40.95877500,-8.58944500
40.95873167,-8.58953667
40.95869167,-8.58964000
40.95866167,-8.58976833
40.95864167,-8.58992167
40.95862833,-8.59007500
40.95862000,-8.59023167
40.95862167,-8.59039667
40.95863000,-8.59056000
40.95864667,-8.59072500
40.95867667,-8.59087500
40.95871667,-8.59101000
40.95875667,-8.59114667
40.95879833,-8.59128333
40.95884167,-8.59141833
40.95888667,-8.59155667
40.95893333,-8.59169333
40.95897833,-8.59183333
40.95902167,-8.59197500
40.95906500,-8.59211833
40.95910500,-8.59225833
40.95914667,-8.59240000
40.95918333,-8.59253667
40.95922000,-8.59267333
40.95925833,-8.59281000
40.95929000,-8.59295333
40.95932167,-8.59310000
40.95935500,-8.59324667
40.95939000,-8.59339667
40.95942667,-8.59354667
40.95946167,-8.59370000
40.95949667,-8.59385167
40.95953167,-8.59400833
40.95956667,-8.59416333
40.95960167,-8.59431833
40.95964000,-8.59447167
40.95967833,-8.59462500
40.95971500,-8.59478000
40.95975000,-8.59493500
40.95978500,-8.59508333
40.95982000,-8.59523500
40.95985167,-8.59538000
40.95988500,-8.59552333
40.95991667,-8.59566833
40.95995000,-8.59581500
40.95998333,-8.59596000
40.96001833,-8.59610500
40.96005167,-8.59625000
40.96008333,-8.59639833
40.96011333,-8.59654833
40.96014167,-8.59670333
40.96016500,-8.59685667
40.96018500,-8.59701167
40.96020667,-8.59716833
40.96022833,-8.59732500
40.96024833,-8.59747833
40.96026500,-8.59762667
40.96028000,-8.59777000
40.96029667,-8.59791167
40.96031000,-8.59805167
40.96032500,-8.59818333
40.96033833,-8.59830667
40.96035167,-8.59841833
40.96036667,-8.59852000
40.96037833,-8.59861500
40.96039000,-8.59871000
40.96040167,-8.59881333
40.96041333,-8.59892333
40.96042833,-8.59903833
40.96044500,-8.59916500
40.96046500,-8.59929833
40.96048333,-8.59943667
40.96049833,-8.59957667
40.96051667,-8.59971667
40.96054167,-8.59985000
40.96056833,-8.59996667
40.96059333,-8.60007167
40.96060500,-8.60017500
40.96059833,-8.60029000
40.96058167,-8.60042000
40.96057333,-8.60056167
40.96058000,-8.60071667
40.96059667,-8.60088167
40.96061333,-8.60105167
40.96063333,-8.60122833
40.96065833,-8.60140333
40.96068167,-8.60158000
40.96070000,-8.60175833
40.96072333,-8.60194000
40.96074667,-8.60211667
40.96077167,-8.60229500
40.96079833,-8.60247833
40.96082500,-8.60266167
40.96085000,-8.60285167
40.96087667,-8.60304167
40.96090333,-8.60323167
40.96093167,-8.60342500
40.96096333,-8.60361833
40.96099500,-8.60381667
40.96103000,-8.60402000
40.96106167,-8.60422333
40.96109333,-8.60442667
40.96112500,-8.60463333
40.96115500,-8.60484167
40.96118833,-8.60505333
40.96122500,-8.60526500
40.96125833,-8.60547333
40.96129167,-8.60568833
40.96132667,-8.60590667
40.96136500,-8.60612500
40.96140000,-8.60634167
40.96143500,-8.60655500
40.96147167,-8.60676500
40.96150667,-8.60697000
40.96153833,-8.60717000
40.96156833,-8.60736833
40.96159833,-8.60756167
40.96162333,-8.60775000
40.96164500,-8.60793667
40.96166667,-8.60811833
40.96168167,-8.60830000
40.96169500,-8.60847667
40.96171167,-8.60865000
40.96172833,-8.60881500
40.96174833,-8.60897000
40.96176500,-8.60910167
40.96178000,-8.60920000
40.96180000,-8.60927333
40.96183333,-8.60933000
40.96189167,-8.60936833
40.96197333,-8.60939667
40.96208000,-8.60942333
40.96218333,-8.60945500
40.96229000,-8.60949333
40.96240167,-8.60953667
40.96251333,-8.60958167
40.96262000,-8.60962833
40.96272667,-8.60967500
40.96283833,-8.60972833
40.96294833,-8.60979500
40.96305667,-8.60986667
40.96316500,-8.60994667
40.96327000,-8.61003000
40.96337500,-8.61011000
40.96348167,-8.61019167
40.96358333,-8.61026333
40.96368333,-8.61033667
40.96378667,-8.61040500
40.96389333,-8.61048167
40.96400333,-8.61056333
40.96411000,-8.61064833
40.96421500,-8.61073167
40.96432167,-8.61081167
40.96442333,-8.61090333
40.96452333,-8.61100667
40.96462333,-8.61110833
40.96471500,-8.61120833
40.96480833,-8.61130667
40.96490000,-8.61141000
40.96499000,-8.61153333
40.96506833,-8.61167500
40.96514000,-8.61183167
40.96520667,-8.61200000
40.96527833,-8.61217333
40.96535000,-8.61234667
40.96542000,-8.61252000
40.96548500,-8.61268667
40.96555000,-8.61284667
40.96562667,-8.61298667
40.96572000,-8.61310000
40.96583000,-8.61319000
40.96595000,-8.61327333
40.96606500,-8.61335000
40.96617667,-8.61343167
40.96628167,-8.61351000
40.96637833,-8.61357667
40.96646000,-8.61362833
40.96652833,-8.61367167
40.96657833,-8.61369500
40.96660833,-8.61370500
40.96661167,-8.61370167
40.96660000,-8.61368833
40.96659500,-8.61368167
40.96659167,-8.61367833
40.96659167,-8.61367833
40.96659167,-8.61367833
40.96659167,-8.61367833
40.96659167,-8.61367833
40.96659167,-8.61367833
40.96659167,-8.61367833
40.96659167,-8.61367833
40.96659167,-8.61367833
40.96659167,-8.61367833
40.96659167,-8.61367833
40.96659167,-8.61367833
40.96663500,-8.61366667
40.96667500,-8.61366167
40.96672000,-8.61366500
40.96676167,-8.61368500
40.96678833,-8.61372833
40.96679667,-8.61378333
40.96677333,-8.61385833
40.96673500,-8.61394333
40.96669333,-8.61403833
40.96665333,-8.61415333
40.96662000,-8.61429000
40.96658667,-8.61444333
40.96655333,-8.61460333
40.96652167,-8.61475667
40.96648333,-8.61492667
40.96644333,-8.61510000
40.96640333,-8.61527500
40.96635833,-8.61546000
40.96631500,-8.61565000
40.96626833,-8.61584333
40.96621667,-8.61604167
40.96616500,-8.61623833
40.96611167,-8.61643833
40.96606500,-8.61664500
40.96601667,-8.61685167
40.96597167,-8.61706833
40.96592667,-8.61728833
40.96588500,-8.61749500
40.96584500,-8.61770000
40.96580167,-8.61790167
40.96576000,-8.61809500
40.96572000,-8.61827833
40.96568000,-8.61846167
40.96563667,-8.61864500
40.96558667,-8.61882333
40.96553167,-8.61900000
40.96547333,-8.61917500
40.96541500,-8.61934667
40.96536000,-8.61951000
40.96530333,-8.61966000
40.96525333,-8.61980833
40.96520167,-8.61995333
40.96514833,-8.62009833
40.96509333,-8.62024167
40.96504500,-8.62039000
40.96499833,-8.62053167
40.96495167,-8.62067333
40.96490667,-8.62081333
40.96486333,-8.62094333
40.96481833,-8.62106500
40.96477667,-8.62117500
40.96473833,-8.62127500
40.96470833,-8.62135500
40.96468833,-8.62141667
40.96467667,-8.62144833
40.96466667,-8.62147333
40.96465500,-8.62150333
40.96464500,-8.62154667
40.96463000,-8.62160167
40.96461333,-8.62165667
40.96459500,-8.62169833
40.96458000,-8.62173000
40.96456833,-8.62175833
40.96456000,-8.62178333
40.96454667,-8.62182000
40.96453500,-8.62185833
40.96451000,-8.62191500
40.96447500,-8.62199500
40.96444000,-8.62210000
40.96439500,-8.62220667
40.96434667,-8.62232500
40.96430000,-8.62245333
40.96424667,-8.62259667
40.96419167,-8.62274833
40.96413000,-8.62292667
40.96406833,-8.62309667
40.96400500,-8.62326667
40.96394167,-8.62343333
40.96388167,-8.62359167
40.96382333,-8.62373833
40.96377167,-8.62387000
40.96372333,-8.62399833
40.96367333,-8.62413833
40.96362167,-8.62427500
40.96356833,-8.62441833
40.96352000,-8.62456833
40.96347000,-8.62472167
40.96341833,-8.62487333
40.96336500,-8.62502167
40.96331000,-8.62517333
40.96325667,-8.62532333
40.96320167,-8.62547333
40.96314667,-8.62561500
40.96309500,-8.62576833
40.96304333,-8.62592000
40.96299167,-8.62606333
40.96294167,-8.62620333
40.96289167,-8.62634000
40.96284500,-8.62647333
40.96279667,-8.62660500
40.96274833,-8.62673500
40.96270000,-8.62685833
40.96265667,-8.62697500
40.96261167,-8.62709167
40.96257000,-8.62720500
40.96253167,-8.62731333
40.96249500,-8.62741333
40.96246500,-8.62749333
40.96244333,-8.62754833
40.96243000,-8.62758167
40.96242000,-8.62760500
40.96241667,-8.62761833
40.96241667,-8.62762167
40.96241667,-8.62762000
40.96241667,-8.62762000
40.96241667,-8.62762000
40.96241667,-8.62762000
40.96241667,-8.62762000
40.96241667,-8.62762000
40.96241667,-8.62762000
40.96241667,-8.62762000
40.96241667,-8.62762000
40.96241667,-8.62762000
40.96241667,-8.62762000
40.96241667,-8.62762000
40.96241667,-8.62762000
40.96241667,-8.62762000
40.96241667,-8.62762000
40.96241667,-8.62762000
40.96241667,-8.62762000
40.96240167,-8.62764833
40.96239667,-8.62766167
40.96238500,-8.62769000
40.96237000,-8.62773667
40.96234833,-8.62779667
40.96232333,-8.62786167
40.96230333,-8.62792333
40.96228167,-8.62797833
40.96225833,-8.62804000
40.96223333,-8.62811000
40.96220667,-8.62818667
40.96217667,-8.62827333
40.96214667,-8.62836667
40.96211500,-8.62846667
40.96208500,-8.62857333
40.96205167,-8.62868167
40.96201500,-8.62879333
40.96198000,-8.62890833
40.96195333,-8.62902333
40.96193000,-8.62914667
40.96191000,-8.62926833
40.96189667,-8.62939167
40.96188500,-8.62951500
40.96188667,-8.62963500
40.96189667,-8.62975667
40.96191500,-8.62988500
40.96193500,-8.63001833
40.96196000,-8.63015667
40.96198333,-8.63029667
40.96201167,-8.63044333
40.96204000,-8.63058333
40.96206333,-8.63072833
40.96208833,-8.63087333
40.96211167,-8.63101833
40.96213500,-8.63116833
40.96215833,-8.63131500
40.96218167,-8.63146833
40.96220333,-8.63161500
40.96222500,-8.63176000
40.96225167,-8.63190667
40.96227667,-8.63205000
40.96230167,-8.63219000
40.96232667,-8.63233000
40.96234833,-8.63246500
40.96237000,-8.63259667
40.96239000,-8.63272667
40.96240667,-8.63285000
40.96242667,-8.63296833
40.96244500,-8.63309167
40.96246167,-8.63321333
40.96247500,-8.63333833
40.96249500,-8.63346500
40.96251500,-8.63359167
40.96253500,-8.63372000
40.96255667,-8.63384500
40.96257500,-8.63396333
40.96259333,-8.63407667
40.96261333,-8.63418667
40.96263167,-8.63429667
40.96264833,-8.63440000
40.96266500,-8.63449667
40.96268000,-8.63458667
40.96269500,-8.63466667
40.96270667,-8.63473500
40.96271833,-8.63479833
40.96272667,-8.63485500
40.96273500,-8.63489833
40.96274333,-8.63493833
40.96275167,-8.63497833
40.96275667,-8.63502167
40.96276500,-8.63506667
40.96277167,-8.63510667
40.96277667,-8.63513500
40.96277667,-8.63515667
40.96277000,-8.63518333
40.96276667,-8.63521167
40.96274167,-8.63522500
40.96271667,-8.63524500
40.96269333,-8.63525833
40.96267500,-8.63526500
40.96266167,-8.63527000
40.96264333,-8.63526833
40.96261500,-8.63526500
40.96257833,-8.63526167
40.96253500,-8.63526167
40.96249167,-8.63526500
40.96244500,-8.63527333
40.96239333,-8.63528833
40.96234333,-8.63530000
40.96229500,-8.63530500
40.96224833,-8.63530333
40.96220667,-8.63530167
40.96216833,-8.63530167
40.96213333,-8.63530333
40.96210667,-8.63530500
40.96209500,-8.63530667
40.96209333,-8.63530667
40.96209500,-8.63530667
40.96209500,-8.63530667
40.96209500,-8.63530667
40.96209500,-8.63530667
40.96209500,-8.63530667
40.96209500,-8.63530667
40.96209500,-8.63530667
40.96209500,-8.63530667
40.96209500,-8.63530667
40.96209500,-8.63530667