40.96200167,-8.63526167
40.96200667,-8.63525667
40.96200667,-8.63525333
40.96200833,-8.63525667
40.96200833,-8.63525667
40.96201833,-8.63526333
40.96202667,-8.63526333
40.96205500,-8.63525833
40.96210333,-8.63526000
40.96216167,-8.63526333
40.96222333,-8.63526667
40.96229333,-8.63527000
40.96237667,-8.63527000
40.96244333,-8.63525667
40.96251167,-8.63523833
40.96258000,-8.63522167
40.96263500,-8.63521500
40.96266667,-8.63521500
40.96267667,-8.63521667
40.96268000,-8.63522167
40.96268667,-8.63522333
40.96268667,-8.63522333
40.96268667,-8.63522333
40.96268667,-8.63522333
40.96270833,-8.63519667
40.96271000,-8.63517167
40.96270000,-8.63514667
40.96267833,-8.63512833
40.96264167,-8.63511500
40.96259167,-8.63510667
40.96252500,-8.63510667
40.96244167,-8.63509833
40.96235167,-8.63509167
40.96225667,-8.63508500
40.96215833,-8.63508167
40.96205667,-8.63507333
40.96195333,-8.63506167
40.96184333,-8.63505000
40.96173167,-8.63504167
40.96162000,-8.63503500
40.96151000,-8.63502833
40.96140333,-8.63501500
40.96129667,-8.63500333
40.96119167,-8.63499000
40.96109333,-8.63497667
40.96101000,-8.63496333
40.96094500,-8.63495667
40.96090667,-8.63494833
40.96088333,-8.63494000
40.96085000,-8.63494000
40.96080667,-8.63494167
40.96075000,-8.63494333
40.96068000,-8.63494000
40.96059500,-8.63492833
40.96050167,-8.63491500
40.96040500,-8.63489667
40.96030500,-8.63488333
40.96020167,-8.63487500
40.96009667,-8.63487000
40.95999167,-8.63486667
40.95989667,-8.63486000
40.95981833,-8.63485167
40.95976000,-8.63484000
40.95971000,-8.63482000
40.95966833,-8.63478333
40.95965000,-8.63473333
40.95964333,-8.63469333
40.95964500,-8.63466500
40.95964833,-8.63463167
40.95965500,-8.63458667
40.95966167,-8.63452333
40.95967000,-8.63444500
40.95967667,-8.63436000
40.95967833,-8.63426333
40.95968000,-8.63415167
40.95968167,-8.63403500
40.95968167,-8.63391000
40.95968500,-8.63377500
40.95969000,-8.63363000
40.95969500,-8.63347500
40.95970333,-8.63332000
40.95971000,-8.63316500
40.95971833,-8.63300500
40.95972500,-8.63284167
40.95973000,-8.63267500
40.95973667,-8.63250333
40.95974500,-8.63232833
40.95975667,-8.63215167
40.95977000,-8.63197667
40.95978500,-8.63179833
40.95979500,-8.63161833
40.95980333,-8.63143167
40.95981000,-8.63124333
40.95981500,-8.63105333
40.95982000,-8.63086333
40.95982167,-8.63068000
40.95982667,-8.63051333
40.95982500,-8.63035667
40.95982000,-8.63020000
40.95981333,-8.63005167
40.95980667,-8.62991833
40.95979667,-8.62981333
40.95978667,-8.62973333
40.95977500,-8.62966500
40.95975167,-8.62960167
40.95973167,-8.62953500
40.95972167,-8.62945500
40.95973000,-8.62935833
40.95974000,-8.62924500
40.95974667,-8.62912000
40.95975167,-8.62899667
40.95976167,-8.62886667
40.95977167,-8.62873500
40.95978500,-8.62860000
40.95979833,-8.62846333
40.95981000,-8.62832833
40.95982000,-8.62819667
40.95983167,-8.62806667
40.95984333,-8.62794500
40.95985333,-8.62783167
40.95986333,-8.62773167
40.95987000,-8.62764667
40.95987333,-8.62757833
40.95987500,-8.62753167
40.95987667,-8.62750000
40.95987667,-8.62747833
40.95987500,-8.62745667
40.95987333,-8.62743833
40.95986167,-8.62741833
40.95983333,-8.62739833
40.95978333,-8.62737167
40.95970000,-8.62734667
40.95959500,-8.62731667
40.95947167,-8.62728500
40.95935667,-8.62725000
40.95924667,-8.62721000
40.95913667,-8.62717000
40.95903167,-8.62713000
40.95892833,-8.62709000
40.95882333,-8.62705333
40.95872000,-8.62701833
40.95861833,-8.62698500
40.95851833,-8.62694833
40.95842667,-8.62691667
40.95832833,-8.62688500
40.95823167,-8.62685833
40.95813167,-8.62683333
40.95803000,-8.62680667
40.95793000,-8.62677667
40.95783833,-8.62674667
40.95775333,-8.62672000
40.95767667,-8.62670000
40.95760500,-8.62667667
40.95754167,-8.62666333
40.95748667,-8.62665667
40.95743667,-8.62664333
40.95739500,-8.62663500
40.95734333,-8.62662000
40.95729000,-8.62660333
40.95725000,-8.62660000
40.95720667,-8.62658167
40.95716833,-8.62656667
40.95713667,-8.62655500
40.95711000,-8.62654500
40.95708833,-8.62653500
40.95706167,-8.62652833
40.95703667,-8.62652333
40.95701000,-8.62652167
40.95698500,-8.62651667
40.95696500,-8.62651500
40.95694833,-8.62651000
40.95693167,-8.62651000
40.95692000,-8.62649500
40.95691333,-8.62648500
40.95690500,-8.62648167
40.95690333,-8.62648000
40.95690000,-8.62648000
40.95690000,-8.62648000
40.95690000,-8.62648000
40.95690000,-8.62648000
40.95688833,-8.62647667
40.95686500,-8.62646833
40.95683667,-8.62646167
40.95680333,-8.62645167
40.95676667,-8.62643833
40.95671833,-8.62642500
40.95666000,-8.62640667
40.95659833,-8.62638833
40.95653333,-8.62637167
40.95646500,-8.62634167
40.95640500,-8.62632167
40.95632667,-8.62629333
40.95624333,-8.62626333
40.95614500,-8.62623333
40.95603833,-8.62619167
40.95593000,-8.62616000
40.95581333,-8.62613167
40.95569500,-8.62609500
40.95557000,-8.62605667
40.95544167,-8.62600833
40.95531167,-8.62595500
40.95517667,-8.62590333
40.95503833,-8.62585000
40.95489833,-8.62579500
40.95475167,-8.62573667
40.95460500,-8.62567667
40.95446167,-8.62561667
40.95432167,-8.62555333
40.95418667,-8.62549167
40.95405000,-8.62543167
40.95391333,-8.62537167
40.95377667,-8.62531333
40.95364167,-8.62525500
40.95350667,-8.62519167
40.95337500,-8.62513167
40.95324500,-8.62508000
40.95311500,-8.62503500
40.95298833,-8.62499167
40.95285833,-8.62495167
40.95272667,-8.62491333
40.95259333,-8.62487167
40.95246167,-8.62482833
40.95234667,-8.62479000
40.95224000,-8.62475667
40.95213667,-8.62472333
40.95203167,-8.62468833
40.95192500,-8.62464833
40.95181500,-8.62461333
40.95169833,-8.62457500
40.95157667,-8.62453500
40.95145000,-8.62449333
40.95131833,-8.62445000
40.95118333,-8.62440833
40.95105000,-8.62437167
40.95091667,-8.62432833
40.95078167,-8.62428500
40.95064667,-8.62424333
40.95051333,-8.62420000
40.95037333,-8.62415333
40.95023500,-8.62411000
40.95009667,-8.62406500
40.94995833,-8.62402000
40.94981667,-8.62397167
40.94967500,-8.62393000
40.94953333,-8.62388833
40.94939167,-8.62384667
40.94925333,-8.62381500
40.94911833,-8.62377333
40.94898500,-8.62373333
40.94885833,-8.62369167
40.94873333,-8.62365167
40.94860833,-8.62361000
40.94848167,-8.62357167
40.94835667,-8.62353667
40.94823500,-8.62349833
40.94811333,-8.62345833
40.94799167,-8.62342000
40.94787167,-8.62337833
40.94774833,-8.62334000
40.94762500,-8.62329833
40.94750500,-8.62325833
40.94738500,-8.62322000
40.94726500,-8.62318333
40.94714500,-8.62314500
40.94702500,-8.62311000
40.94691000,-8.62307333
40.94679333,-8.62303667
40.94668000,-8.62299667
40.94656333,-8.62296000
40.94645167,-8.62292333
40.94633167,-8.62288500
40.94621000,-8.62284667
40.94608500,-8.62280833
40.94596000,-8.62277333
40.94583333,-8.62273167
40.94570833,-8.62269333
40.94558000,-8.62265000
40.94545500,-8.62260833
40.94532833,-8.62256833
40.94520500,-8.62252500
40.94508000,-8.62246833
40.94495833,-8.62240500
40.94484500,-8.62234167
40.94473833,-8.62227500
40.94463167,-8.62221167
40.94452500,-8.62215333
40.94442167,-8.62208667
40.94432000,-8.62202500
40.94422167,-8.62195667
40.94412500,-8.62189500
40.94402500,-8.62183833
40.94392667,-8.62178000
40.94382667,-8.62172333
40.94372500,-8.62165833
40.94362833,-8.62157833
40.94353167,-8.62149167
40.94343667,-8.62139667
40.94334333,-8.62129667
40.94325000,-8.62119000
40.94315833,-8.62108167
40.94306333,-8.62097167
40.94297000,-8.62086167
40.94287667,-8.62075167
40.94278833,-8.62064500
40.94271667,-8.62055333
40.94265667,-8.62047500
40.94260167,-8.62040667
40.94254833,-8.62033000
40.94248667,-8.62024833
40.94241333,-8.62016000
40.94232667,-8.62006333
40.94223833,-8.61995833
40.94214667,-8.61985000
40.94205333,-8.61972833
40.94194833,-8.61960667
40.94184000,-8.61947833
40.94171833,-8.61936667
40.94159667,-8.61924667
40.94147833,-8.61912500
40.94135833,-8.61900167
40.94123500,-8.61887667
40.94110667,-8.61875333
40.94097833,-8.61863167
40.94083833,-8.61851667
40.94068000,-8.61842167
40.94050833,-8.61834667
40.94032500,-8.61828833
40.94013333,-8.61825167
40.93993500,-8.61824167
40.93973333,-8.61826000
40.93953167,-8.61829500
40.93933000,-8.61833000
40.93913000,-8.61836000
40.93893333,-8.61838000
40.93874000,-8.61838333
40.93855000,-8.61836167
40.93836500,-8.61831167
40.93819000,-8.61822667
40.93802667,-8.61812167
40.93787500,-8.61800167
40.93772333,-8.61788500
40.93757167,-8.61777167
40.93742000,-8.61766333
40.93727167,-8.61755333
40.93712833,-8.61744667
40.93698833,-8.61734333
40.93685000,-8.61724000
40.93671500,-8.61713833
40.93659167,-8.61704333
40.93649667,-8.61697167
40.93643667,-8.61692667
40.93640000,-8.61690000
40.93638333,-8.61688500
40.93636500,-8.61687000
40.93633667,-8.61684667
40.93629500,-8.61681833
40.93624333,-8.61678000
40.93618000,-8.61673667
40.93610333,-8.61668000
40.93602000,-8.61661833
40.93593167,-8.61655333
40.93583167,-8.61648000
40.93572333,-8.61639833
40.93561167,-8.61631167
40.93549833,-8.61622333
40.93537667,-8.61613333
40.93525000,-8.61604000
40.93512333,-8.61594500
40.93499333,-8.61585000
40.93486333,-8.61575333
40.93472833,-8.61566333
40.93458833,-8.61558833
40.93444000,-8.61554333
40.93428500,-8.61551500
40.93413000,-8.61549333
40.93397667,-8.61546833
40.93382167,-8.61544500
40.93366167,-8.61542167
40.93350167,-8.61539333
40.93334500,-8.61536500
40.93319000,-8.61534167
40.93303667,-8.61533500
40.93288667,-8.61535167
40.93273833,-8.61538333
40.93260000,-8.61542000
40.93246500,-8.61545500
40.93233333,-8.61548833
40.93220167,-8.61551667
40.93206667,-8.61554500
40.93193000,-8.61557833
40.93178833,-8.61561333
40.93164667,-8.61564833
40.93150500,-8.61567833
40.93136500,-8.61570667
40.93123333,-8.61573667
40.93110833,-8.61576667
40.93099000,-8.61579667
40.93087500,-8.61582500
40.93076167,-8.61585167
40.93065000,-8.61587833
40.93053500,-8.61590667
40.93041500,-8.61593667
40.93029000,-8.61596500
40.93016500,-8.61599500
40.93003833,-8.61602333
40.92991167,-8.61605000
40.92979000,-8.61607833
40.92966333,-8.61610500
40.92954167,-8.61613167
40.92942500,-8.61616167
40.92931000,-8.61619167
40.92919500,-8.61621833
40.92908167,-8.61624667
40.92897167,-8.61627333
40.92886500,-8.61629833
40.92876000,-8.61632167
40.92865500,-8.61634667
40.92855167,-8.61636833
40.92845167,-8.61639000
40.92835500,-8.61641167
40.92826833,-8.61643333
40.92818833,-8.61645500
40.92811500,-8.61647667
40.92804167,-8.61649000
40.92797167,-8.61650167
40.92791000,-8.61651500
40.92786333,-8.61652333
40.92783167,-8.61653000
40.92781500,-8.61653333
40.92780500,-8.61653333
40.92780167,-8.61653333
40.92780000,-8.61653333
40.92780000,-8.61653333
40.92780000,-8.61653333
40.92780000,-8.61653333
40.92780000,-8.61653333
40.92780000,-8.61653333
40.92780000,-8.61653333
40.92780000,-8.61653333
40.92780000,-8.61653333
40.92780000,-8.61653333
40.92780000,-8.61653333
40.92780000,-8.61653333
40.92780000,-8.61653333
40.92780000,-8.61653333
40.92780000,-8.61653333
40.92778000,-8.61654167
40.92774667,-8.61654667
40.92770833,-8.61655500
40.92766667,-8.61656333
40.92763333,-8.61657167
40.92761000,-8.61657833
40.92759333,-8.61658500
40.92757500,-8.61659000
40.92755667,-8.61659500
40.92753667,-8.61660167
40.92751333,-8.61660833
40.92748000,-8.61661500
40.92744000,-8.61661167
40.92740500,-8.61658333
40.92738333,-8.61652500
40.92737000,-8.61643833
40.92737000,-8.61632167
40.92737667,-8.61618167
40.92738500,-8.61604333
40.92739000,-8.61589833
40.92739333,-8.61574833
40.92740000,-8.61559167
40.92740333,-8.61543500
40.92740667,-8.61528500
40.92740833,-8.61513667
40.92740833,-8.61498667
40.92741000,-8.61484000
40.92741000,-8.61470667
40.92741167,-8.61458500
40.92741333,-8.61447167
40.92741833,-8.61436333
40.92742167,-8.61424833
40.92741833,-8.61412500
40.92741500,-8.61399667
40.92741333,-8.61387167
40.92741333,-8.61373833
40.92741333,-8.61360000
40.92741333,-8.61345333
40.92741500,-8.61330167
40.92741833,-8.61314000
40.92742167,-8.61297000
40.92742500,-8.61279000
40.92742833,-8.61260667
40.92743333,-8.61241667
40.92744000,-8.61223667
40.92744333,-8.61205667
40.92744333,-8.61188333
40.92744667,-8.61171667
40.92744833,-8.61155167
40.92745167,-8.61138500
40.92745833,-8.61121500
40.92746667,-8.61104000
40.92748000,-8.61086000
40.92749500,-8.61068000
40.92751667,-8.61050667
40.92754333,-8.61033333
40.92757500,-8.61016167
40.92761000,-8.60999333
40.92764833,-8.60982333
40.92768833,-8.60966167
40.92773000,-8.60950333
40.92777000,-8.60934833
40.92781167,-8.60919333
40.92785000,-8.60903667
40.92789333,-8.60887667
40.92793500,-8.60871667
40.92797667,-8.60855167
40.92801500,-8.60838833
40.92805667,-8.60822500
40.92809833,-8.60805833
40.92814000,-8.60789333
40.92818000,-8.60772500
40.92821667,-8.60755000
40.92825333,-8.60737333
40.92828167,-8.60719167
40.92830500,-8.60700500
40.92832000,-8.60681333
40.92832500,-8.60662167
40.92831667,-8.60643500
40.92830667,-8.60625000
40.92829167,-8.60606333
40.92827333,-8.60587833
40.92825667,-8.60569833
40.92823667,-8.60552500
40.92821667,-8.60535667
40.92820000,-8.60519167
40.92818167,-8.60502667
40.92816500,-8.60485833
40.92814667,-8.60468833
40.92812667,-8.60451500
40.92810500,-8.60433833
40.92808833,-8.60416333
40.92807167,-8.60399833
40.92805333,-8.60384167
40.92803833,-8.60368833
40.92802167,-8.60352833
40.92800667,-8.60336667
40.92799000,-8.60320167
40.92797167,-8.60303000
40.92795167,-8.60285667
40.92793167,-8.60267833
40.92791167,-8.60249500
40.92789000,-8.60230667
40.92786833,-8.60211333
40.92784667,-8.60191667
40.92782667,-8.60171667
40.92780833,-8.60151667
40.92778833,-8.60131167
40.92776833,-8.60109833
40.92774500,-8.60087167
40.92771833,-8.60062500
40.92769333,-8.60036667
40.92766833,-8.60009833
40.92764000,-8.59981667
40.92761167,-8.59953000
40.92758167,-8.59923667
40.92755167,-8.59893500
40.92752167,-8.59862667
40.92749000,-8.59831167
40.92745333,-8.59799333
40.92741667,-8.59767167
40.92737833,-8.59735167
40.92734000,-8.59703167
40.92730333,-8.59671333
40.92726833,-8.59639333
40.92723667,-8.59606833
40.92720667,-8.59574500
40.92717833,-8.59541667
40.92715000,-8.59508333
40.92712500,-8.59474500
40.92710333,-8.59440667
40.92708167,-8.59406333
40.92705833,-8.59371500
40.92703500,-8.59336000
40.92701333,-8.59300333
40.92699333,-8.59264000
40.92697167,-8.59227500
40.92695167,-8.59191333
40.92693167,-8.59155667
40.92690833,-8.59120000
40.92688333,-8.59084833
40.92686000,-8.59049833
40.92683667,-8.59015167
40.92681500,-8.58980500
40.92679500,-8.58945833
40.92677667,-8.58911167
40.92675833,-8.58876667
40.92673833,-8.58842833
40.92671667,-8.58809333
40.92669667,-8.58776000
40.92667500,-8.58743333
40.92665500,-8.58711000
40.92663500,-8.58679000
40.92661500,-8.58646500
40.92659500,-8.58613667
40.92657000,-8.58580833
40.92654000,-8.58548167
40.92649667,-8.58515667
40.92644000,-8.58483333
40.92636333,-8.58451000
40.92626833,-8.58418500
40.92616000,-8.58386333
40.92603333,-8.58354333
40.92589167,-8.58322500
40.92574333,-8.58291500
40.92559167,-8.58261333
40.92544500,-8.58231167
40.92530167,-8.58201333
40.92516167,-8.58172000
40.92502167,-8.58143167
40.92488167,-8.58114833
40.92474333,-8.58086167
40.92461000,-8.58058000
40.92447667,-8.58029667
40.92434333,-8.58001333
40.92421333,-8.57972000
40.92410000,-8.57941833
40.92399167,-8.57910167
40.92390000,-8.57877000
40.92382000,-8.57842500
40.92376000,-8.57807333
40.92372333,-8.57772500
40.92370667,-8.57737500
40.92370333,-8.57703167
40.92371833,-8.57669667
40.92375333,-8.57636500
40.92380000,-8.57604000
40.92385833,-8.57571833
40.92392667,-8.57540333
40.92400000,-8.57509167
40.92407333,-8.57478000
40.92414667,-8.57446333
40.92421667,-8.57414667
40.92429000,-8.57382833
40.92436167,-8.57350667
40.92443333,-8.57318167
40.92450000,-8.57285167
40.92456000,-8.57251833
40.92461333,-8.57218000
40.92465667,-8.57183833
40.92468667,-8.57149667
40.92470167,-8.57116000
40.92470333,-8.57083000
40.92470000,-8.57050833
40.92469167,-8.57019000
40.92468500,-8.56987833
40.92467333,-8.56956500
40.92466000,-8.56925167
40.92464833,-8.56893333
40.92464167,-8.56861333
40.92464167,-8.56829167
40.92465000,-8.56797167
40.92466833,-8.56765000
40.92470000,-8.56732833
40.92473667,-8.56699667
40.92478167,-8.56666667
40.92483667,-8.56633833
40.92489167,-8.56600833
40.92495000,-8.56568500
40.92501000,-8.56537500
40.92506667,-8.56507833
40.92512333,-8.56479000
40.92518000,-8.56451500
40.92523333,-8.56424833
40.92528667,-8.56399000
40.92533833,-8.56374167
40.92538667,-8.56349333
40.92543500,-8.56324667
40.92548167,-8.56300167
40.92552667,-8.56276500
40.92557667,-8.56253667
40.92562667,-8.56231333
40.92568167,-8.56209500
40.92572833,-8.56188167
40.92576833,-8.56167500
40.92580500,-8.56147500
40.92584000,-8.56127500
40.92587500,-8.56107500
40.92591000,-8.56088000
40.92594333,-8.56068500
40.92597333,-8.56049000
40.92600333,-8.56031167
40.92603333,-8.56014500
40.92606500,-8.55998167
40.92609833,-8.55982167
40.92613333,-8.55966500
40.92617333,-8.55951333
40.92621833,-8.55936667
40.92626667,-8.55922500
40.92632167,-8.55908667
40.92637833,-8.55894667
40.92644167,-8.55880833
40.92650833,-8.55866833
40.92658000,-8.55853167
40.92665167,-8.55839667
40.92673000,-8.55826167
40.92681167,-8.55813000
40.92689167,-8.55800167
40.92697333,-8.55786500
40.92705667,-8.55772667
40.92714333,-8.55759000
40.92723000,-8.55745000
40.92732000,-8.55730667
40.92741000,-8.55716167
40.92750167,-8.55701833
40.92759333,-8.55687333
40.92768500,-8.55673000
40.92777500,-8.55658500
40.92786500,-8.55644333
40.92795500,-8.55630500
40.92804333,-8.55616833
40.92813333,-8.55603333
40.92822000,-8.55589833
40.92830833,-8.55576167
40.92839333,-8.55563167
40.92847333,-8.55550000
40.92855000,-8.55536667
40.92862833,-8.55522667
40.92870667,-8.55508667
40.92878167,-8.55494167
40.92885333,-8.55479000
40.92892333,-8.55463167
40.92899000,-8.55447167
40.92905333,-8.55430500
40.92911167,-8.55414667
40.92916667,-8.55399167
40.92921500,-8.55383500
40.92926500,-8.55367667
40.92931667,-8.55351833
40.92936667,-8.55336000
40.92941667,-8.55319833
40.92946833,-8.55303333
40.92951833,-8.55287167
40.92957000,-8.55271000
40.92962000,-8.55255167
40.92966500,-8.55239667
40.92971167,-8.55224833
40.92975167,-8.55210500
40.92979167,-8.55196500
40.92982833,-8.55183167
40.92984500,-8.55169833
40.92984167,-8.55156500
40.92982667,-8.55144667
40.92980167,-8.55134167
40.92976833,-8.55123667
40.92972500,-8.55113833
40.92969500,-8.55103833
40.92966833,-8.55093000
40.92965333,-8.55082000
40.92965000,-8.55071000
40.92966500,-8.55060500
40.92968833,-8.55050667
40.92971833,-8.55041667
40.92974833,-8.55034500
40.92977500,-8.55029667
40.92979833,-8.55025667
40.92981833,-8.55021000
40.92983500,-8.55015500
40.92985500,-8.55010167
40.92989000,-8.55005667
40.92993500,-8.55003333
40.92999000,-8.55003167
40.93005000,-8.55006333
40.93010333,-8.55015167
40.93016500,-8.55026000
40.93023167,-8.55035833
40.93030500,-8.55044833
40.93037667,-8.55055833
40.93044833,-8.55068000
40.93052500,-8.55081333
40.93059500,-8.55095000
40.93067333,-8.55107833
40.93075333,-8.55120333
40.93083333,-8.55131333
40.93091333,-8.55141833
40.93099000,-8.55151500
40.93106167,-8.55160333
40.93112500,-8.55168167
40.93118333,-8.55175000
40.93123500,-8.55181500
40.93128167,-8.55187000
40.93132500,-8.55191333
40.93137000,-8.55194167
40.93142333,-8.55196500
40.93147667,-8.55199667
40.93152333,-8.55204667
40.93156000,-8.55211500
40.93159167,-8.55220167
40.93162833,-8.55230167
40.93167833,-8.55241500
40.93173500,-8.55254167
40.93179333,-8.55268833
40.93184167,-8.55285167
40.93187833,-8.55302833
40.93190333,-8.55321667
40.93192333,-8.55341000
40.93193833,-8.55361167
40.93195333,-8.55381167
40.93196833,-8.55402167
40.93198000,-8.55423667
40.93199333,-8.55445500
40.93200833,-8.55467167
40.93202333,-8.55488667
40.93203833,-8.55509500
40.93205333,-8.55529667
40.93206833,-8.55547667
40.93207833,-8.55563167
40.93209833,-8.55576333
40.93212667,-8.55588667
40.93216000,-8.55599500
40.93220500,-8.55608333
40.93225500,-8.55616333
40.93231500,-8.55624333
40.93237833,-8.55632333
40.93245000,-8.55640167
40.93252500,-8.55648167
40.93260667,-8.55656667
40.93269333,-8.55665667
40.93278167,-8.55675500
40.93286667,-8.55686167
40.93294833,-8.55698333
40.93302167,-8.55712000
40.93309667,-8.55727167
40.93316833,-8.55743167
40.93324333,-8.55760000
40.93332000,-8.55777333
40.93340333,-8.55795000
40.93348667,-8.55812667
40.93357167,-8.55830667
40.93365833,-8.55848667
40.93373833,-8.55866833
40.93382000,-8.55884000
40.93390500,-8.55899333
40.93399667,-8.55912500
40.93410833,-8.55922333
40.93424333,-8.55928500
40.93439333,-8.55931500
40.93455667,-8.55934167
40.93472333,-8.55937500
40.93489500,-8.55941167
40.93507167,-8.55944833
40.93525167,-8.55948333
40.93543833,-8.55951333
40.93562000,-8.55955000
40.93581000,-8.55958667
40.93599833,-8.55961667
40.93619000,-8.55963333
40.93637667,-8.55963667
40.93655833,-8.55963500
40.93673333,-8.55962833
40.93690167,-8.55962167
40.93706167,-8.55961667
40.93721667,-8.55962667
40.93736833,-8.55967167
40.93751000,-8.55975500
40.93764167,-8.55987667
40.93776333,-8.56003167
40.93788667,-8.56020500
40.93801833,-8.56038667
40.93815167,-8.56056500
40.93827833,-8.56074000
40.93839500,-8.56090000
40.93850500,-8.56104333
40.93860500,-8.56117667
40.93869833,-8.56129833
40.93878167,-8.56141333
40.93885667,-8.56151000
40.93892333,-8.56159333
40.93897833,-8.56166167
40.93902500,-8.56171833
40.93905833,-8.56176500
40.93908667,-8.56180000
40.93910833,-8.56183000
40.93912167,-8.56185000
40.93913000,-8.56186167
40.93913500,-8.56186833
40.93914000,-8.56187500
40.93914000,-8.56187500
40.93914000,-8.56187500
40.93914000,-8.56187500
40.93914000,-8.56187500
40.93914000,-8.56187500
40.93917167,-8.56191167
40.93919167,-8.56193167
40.93921667,-8.56196000
40.93924833,-8.56199167
40.93928500,-8.56202500
40.93932667,-8.56205833
40.93937333,-8.56209167
40.93942500,-8.56212500
40.93948167,-8.56215833
40.93955000,-8.56218500
40.93961833,-8.56220833
40.93969000,-8.56222167
40.93976667,-8.56222333
40.93984333,-8.56221500
40.93992333,-8.56219833
40.94000500,-8.56218000
40.94009167,-8.56216000
40.94018000,-8.56214000
40.94027000,-8.56211667
40.94035333,-8.56209667
40.94042167,-8.56208167
40.94047167,-8.56206833
40.94050333,-8.56206000
40.94051833,-8.56205833
40.94053167,-8.56205667
40.94054333,-8.56205167
40.94055667,-8.56204667
40.94057667,-8.56204000
40.94060833,-8.56203167
40.94065000,-8.56202167
40.94069667,-8.56201000
40.94075500,-8.56199333
40.94082333,-8.56197833
40.94091000,-8.56195667
40.94100833,-8.56193500
40.94111000,-8.56191167
40.94121667,-8.56188500
40.94132833,-8.56185667
40.94144833,-8.56182667
40.94157000,-8.56180167
40.94169500,-8.56179000
40.94182333,-8.56179833
40.94195167,-8.56182667
40.94208500,-8.56187000
40.94222333,-8.56192167
40.94236667,-8.56197333
40.94251333,-8.56202500
40.94266333,-8.56207667
40.94281667,-8.56212833
40.94296667,-8.56218167
40.94312167,-8.56223833
40.94328167,-8.56229333
40.94344667,-8.56235000
40.94361000,-8.56240833
40.94377167,-8.56246667
40.94393000,-8.56253333
40.94408500,-8.56260333
40.94423667,-8.56267667
40.94438500,-8.56275000
40.94453333,-8.56282000
40.94468000,-8.56289500
40.94482000,-8.56297000
40.94495667,-8.56304333
40.94509000,-8.56311333
40.94522000,-8.56318167
40.94535333,-8.56323833
40.94549000,-8.56328000
40.94563500,-8.56329667
40.94577667,-8.56329667
40.94592167,-8.56328833
40.94606000,-8.56327833
40.94619667,-8.56326833
40.94633500,-8.56326500
40.94646833,-8.56326167
40.94660333,-8.56325667
40.94673667,-8.56324833
40.94687167,-8.56323833
40.94700500,-8.56323333
40.94713167,-8.56323000
40.94725167,-8.56322000
40.94736500,-8.56321000
40.94747167,-8.56320667
40.94757167,-8.56320167
40.94765833,-8.56319833
40.94773167,-8.56319833
40.94779500,-8.56320000
40.94785167,-8.56320500
40.94790833,-8.56321333
40.94796167,-8.56322667
40.94800167,-8.56323667
40.94802667,-8.56324333
40.94804000,-8.56324833
40.94805333,-8.56325500
40.94807000,-8.56326000
40.94809000,-8.56326667
40.94811500,-8.56327500
40.94814500,-8.56328500
40.94818167,-8.56329667
40.94822333,-8.56331167
40.94826833,-8.56332500
40.94831833,-8.56334000
40.94837500,-8.56335167
40.94842667,-8.56336500
40.94847500,-8.56338167
40.94853167,-8.56339833
40.94860000,-8.56342000
40.94867667,-8.56344667
40.94875833,-8.56347000
40.94883333,-8.56349167
40.94889167,-8.56351167
40.94894000,-8.56352833
40.94898000,-8.56354000
40.94901000,-8.56355000
40.94903833,-8.56355833
40.94906167,-8.56356333
40.94907833,-8.56356667
40.94908167,-8.56357000
40.94908833,-8.56357167
40.94909000,-8.56357167
40.94909000,-8.56357167
40.94909000,-8.56357167
40.94909000,-8.56357167
40.94909000,-8.56357167
40.94909000,-8.56357167
40.94911333,-8.56357833
40.94912000,-8.56358000
40.94912500,-8.56358333
40.94913167,-8.56358500
40.94917000,-8.56360333
40.94921333,-8.56362500
40.94926500,-8.56364833
40.94932833,-8.56367667
40.94939833,-8.56370333
40.94947500,-8.56373000
40.94955667,-8.56376333
40.94964333,-8.56381167
40.94973667,-8.56388000
40.94982500,-8.56396333
40.94990833,-8.56405167
40.94998833,-8.56414000
40.95006167,-8.56423000
40.95013000,-8.56431667
40.95019667,-8.56440500
40.95026500,-8.56449000
40.95033167,-8.56457500
40.95039833,-8.56465667
40.95046000,-8.56473500
40.95052000,-8.56481167
40.95058167,-8.56489000
40.95064333,-8.56496333
40.95071000,-8.56503667
40.95077167,-8.56511167
40.95083333,-8.56519167
40.95089333,-8.56527167
40.95095333,-8.56535167
40.95101667,-8.56543167
40.95108000,-8.56551500
40.95114333,-8.56560000
40.95121000,-8.56568500
40.95128167,-8.56577333
40.95135667,-8.56586500
40.95143333,-8.56596333
40.95151167,-8.56606333
40.95159000,-8.56616333
40.95166667,-8.56626333
40.95173667,-8.56635667
40.95180000,-8.56643667
40.95186000,-8.56650833
40.95191167,-8.56657667
40.95195833,-8.56663167
40.95199333,-8.56667667
40.95202000,-8.56671000
40.95203833,-8.56673167
40.95205167,-8.56674833
40.95206000,-8.56676000
40.95206500,-8.56676500
40.95206833,-8.56676667
40.95206833,-8.56677000
40.95206833,-8.56677000
40.95206833,-8.56677000
40.95206833,-8.56677000
40.95206833,-8.56677000
40.95206833,-8.56677000
40.95206833,-8.56677000
40.95206833,-8.56677000
40.95206833,-8.56677000
40.95206833,-8.56677000
40.95206833,-8.56677000
40.95206833,-8.56677000
40.95206833,-8.56677000
40.95206833,-8.56677000
40.95206833,-8.56677000
40.95206833,-8.56677000
40.95207167,-8.56678500
40.95208500,-8.56680667
40.95210667,-8.56684167
40.95213333,-8.56688000
40.95216500,-8.56692167
40.95220167,-8.56696667
40.95224167,-8.56702000
40.95228167,-8.56707500
40.95232500,-8.56713167
40.95237000,-8.56719167
40.95242000,-8.56725667
40.95247500,-8.56732333
40.95252667,-8.56739000
40.95258167,-8.56746000
40.95264167,-8.56753667
40.95270833,-8.56761667
40.95278000,-8.56769667
40.95285833,-8.56776833
40.95294667,-8.56782833
40.95304333,-8.56787500
40.95314667,-8.56790500
40.95325333,-8.56791833
40.95336167,-8.56791833
40.95347500,-8.56791000
40.95359167,-8.56789500
40.95371333,-8.56787500
40.95383833,-8.56785333
40.95396667,-8.56782833
40.95409500,-8.56780333
40.95422667,-8.56777500
40.95436500,-8.56774500
40.95450500,-8.56771667
40.95464333,-8.56768667
40.95478333,-8.56765167
40.95492167,-8.56761667
40.95506000,-8.56758000
40.95520000,-8.56754500
40.95534000,-8.56751833
40.95548167,-8.56750833
40.95562667,-8.56751167
40.95577333,-8.56754833
40.95591833,-8.56761500
40.95605833,-8.56769833
40.95619333,-8.56778167
40.95633000,-8.56786167
40.95645500,-8.56793833
40.95657000,-8.56801500
40.95668167,-8.56810167
40.95679167,-8.56822000
40.95688000,-8.56837167
40.95695167,-8.56855833
40.95701000,-8.56875667
40.95707000,-8.56896500
40.95713167,-8.56916333
40.95719333,-8.56935833
40.95725333,-8.56955333
40.95731500,-8.56974167
40.95737500,-8.56992000
40.95743333,-8.57009833
40.95748833,-8.57027833
40.95754333,-8.57045500
40.95760000,-8.57062833
40.95765500,-8.57080000
40.95770833,-8.57096500
40.95776000,-8.57112667
40.95781500,-8.57129000
40.95786833,-8.57145000
40.95792333,-8.57161000
40.95797667,-8.57176167
40.95802833,-8.57191167
40.95808167,-8.57206000
40.95813500,-8.57221000
40.95818500,-8.57236000
40.95822667,-8.57250833
40.95827667,-8.57266000
40.95833000,-8.57280833
40.95837833,-8.57295333
40.95842667,-8.57310167
40.95847500,-8.57324833
40.95852500,-8.57339500
40.95857500,-8.57354167
40.95862333,-8.57368333
40.95866500,-8.57382167
40.95870833,-8.57395167
40.95874833,-8.57406500
40.95876833,-8.57415833
40.95879333,-8.57422333
40.95881500,-8.57424500
40.95884000,-8.57423833
40.95886667,-8.57418667
40.95890000,-8.57410167
40.95893833,-8.57400000
40.95897667,-8.57389000
40.95902167,-8.57378333
40.95906333,-8.57367500
40.95911167,-8.57357667
40.95916000,-8.57348500
40.95921333,-8.57339167
40.95926833,-8.57331000
40.95931833,-8.57323667
40.95936500,-8.57316500
40.95940833,-8.57309000
40.95945833,-8.57300500
40.95950167,-8.57291167
40.95955500,-8.57280833
40.95961500,-8.57269167
40.95968333,-8.57256667
40.95975333,-8.57243833
40.95982667,-8.57231000
40.95990167,-8.57217833
40.95998000,-8.57204667
40.96006000,-8.57191833
40.96014333,-8.57179333
40.96022500,-8.57167500
40.96030500,-8.57155667
40.96039667,-8.57145833
40.96050667,-8.57139667
40.96062000,-8.57137167
40.96073000,-8.57136667
40.96083333,-8.57136833
40.96092000,-8.57137500
40.96100167,-8.57138333
40.96108667,-8.57139500
40.96117167,-8.57140667
40.96125833,-8.57140833
40.96134167,-8.57138667
40.96142167,-8.57133833
40.96148167,-8.57124167
40.96154500,-8.57112667
40.96161167,-8.57099500
40.96168833,-8.57085667
40.96176667,-8.57071333
40.96184000,-8.57056833
40.96191000,-8.57041333
40.96198000,-8.57026000
40.96205333,-8.57011000
40.96212333,-8.56996667
40.96219333,-8.56982333
40.96226333,-8.56967333
40.96232833,-8.56950667
40.96239667,-8.56933667
40.96246667,-8.56916500
40.96253833,-8.56900167
40.96261667,-8.56883833
40.96270833,-8.56868500
40.96282667,-8.56856000
40.96296000,-8.56845500
40.96309000,-8.56833833
40.96320333,-8.56819333
40.96329667,-8.56802333
40.96336833,-8.56783167
40.96342333,-8.56762667
40.96348167,-8.56741667
40.96354167,-8.56721500
40.96360000,-8.56701833
40.96365500,-8.56682667
40.96371167,-8.56664167
40.96376833,-8.56646167
40.96382833,-8.56628333
40.96389333,-8.56611333
40.96396333,-8.56595500
40.96404000,-8.56581167
40.96413167,-8.56569000
40.96423833,-8.56558833
40.96435500,-8.56550667
40.96446833,-8.56543667
40.96458000,-8.56535333
40.96469000,-8.56525500
40.96478833,-8.56513833
40.96488333,-8.56501167
40.96497833,-8.56488333
40.96507333,-8.56475500
40.96516833,-8.56463000
40.96526333,-8.56450500
40.96535500,-8.56437500
40.96544500,-8.56425000
40.96553333,-8.56413333
40.96562167,-8.56401167
40.96570667,-8.56389833
40.96578500,-8.56378167
40.96585833,-8.56366833
40.96592667,-8.56356000
40.96598833,-8.56346333
40.96604167,-8.56338000
40.96607833,-8.56331000
40.96610500,-8.56325500
40.96612167,-8.56321833
40.96612500,-8.56320167
40.96612667,-8.56319667
40.96612667,-8.56319833
40.96612833,-8.56320000
40.96612833,-8.56320000
40.96612833,-8.56320000
40.96612833,-8.56320000
40.96612833,-8.56320000
40.96612500,-8.56311167
40.96610333,-8.56305500
40.96606833,-8.56298833
40.96602667,-8.56290833
40.96597500,-8.56281667
40.96591667,-8.56271167
40.96585333,-8.56259833
40.96578333,-8.56247333
40.96570667,-8.56233500
40.96562500,-8.56218333
40.96553333,-8.56202167
40.96544000,-8.56185333
40.96535000,-8.56168000
40.96525500,-8.56150000
40.96514833,-8.56132000
40.96504000,-8.56113333
40.96493333,-8.56094333
40.96482833,-8.56075500
40.96472500,-8.56056833
40.96461833,-8.56038333
40.96451000,-8.56020333
40.96441000,-8.56002833
40.96431667,-8.55986667
40.96423333,-8.55972333
40.96416333,-8.55959667
40.96411667,-8.55948167
40.96407500,-8.55938000
40.96402333,-8.55928500
40.96395667,-8.55920333
40.96389167,-8.55911167
40.96384667,-8.55900500
40.96383000,-8.55888833
40.96384000,-8.55876833
40.96388500,-8.55864833
40.96397000,-8.55856000
40.96405000,-8.55847167
40.96413333,-8.55838667
40.96421333,-8.55828500
40.96430167,-8.55819000
40.96439500,-8.55810167
40.96448667,-8.55803000
40.96459167,-8.55798333
40.96469833,-8.55797667
40.96481667,-8.55798833
40.96493500,-8.55802167
40.96505667,-8.55807500
40.96516833,-8.55814333
40.96528667,-8.55821167
40.96540167,-8.55827167
40.96551500,-8.55833667
40.96563000,-8.55839500
40.96573333,-8.55845167
40.96583167,-8.55850833
40.96591000,-8.55856000
40.96597667,-8.55859500
40.96602667,-8.55862000
40.96608000,-8.55863167
40.96614167,-8.55862833
40.96621500,-8.55861167
40.96629333,-8.55858000
40.96637833,-8.55854667
40.96647333,-8.55851333
40.96657667,-8.55847667
40.96668667,-8.55843833
40.96680167,-8.55840000
40.96692167,-8.55835833
40.96703833,-8.55832167
40.96714833,-8.55828500
40.96725167,-8.55824333
40.96735167,-8.55819500
40.96744333,-8.55812667
40.96753500,-8.55805667
40.96761333,-8.55798667
40.96769500,-8.55792000
40.96776833,-8.55785333
40.96784167,-8.55779000
40.96791667,-8.55772667
40.96799833,-8.55767333
40.96808000,-8.55762167
40.96815167,-8.55757000
40.96823833,-8.55750667
40.96832667,-8.55744833
40.96841667,-8.55741167
40.96850333,-8.55738833
40.96857667,-8.55737833
40.96864167,-8.55737167
40.96868833,-8.55735333
40.96872500,-8.55731000
40.96874167,-8.55724833
40.96873833,-8.55716167
40.96872833,-8.55706000
40.96872500,-8.55695500
40.96872167,-8.55686167
40.96872000,-8.55678167
40.96872667,-8.55671167
40.96874500,-8.55665167
40.96876667,-8.55659167
40.96879833,-8.55653500
40.96883000,-8.55648333
40.96886333,-8.55642833
40.96889500,-8.55636000
40.96891333,-8.55628167
40.96892833,-8.55618167
40.96892667,-8.55606000
40.96891833,-8.55590500
40.96889167,-8.55573333
40.96886667,-8.55555333
40.96884833,-8.55535833
40.96883333,-8.55514833
40.96881667,-8.55492500
40.96880000,-8.55470167
40.96878667,-8.55448000
40.96877500,-8.55425833
40.96876167,-8.55403833
40.96874333,-8.55382000
40.96872333,-8.55360667
40.96870000,-8.55339500
40.96868167,-8.55318000
40.96866333,-8.55296833
40.96864500,-8.55276500
40.96862333,-8.55257000
40.96860000,-8.55240500
40.96857500,-8.55227333
40.96854833,-8.55217333
40.96852167,-8.55210000
40.96849833,-8.55204667
40.96848000,-8.55201167
40.96846333,-8.55198500
40.96844500,-8.55195000
40.96842833,-8.55190333
40.96840833,-8.55185667
40.96838833,-8.55180667
40.96836833,-8.55174833
40.96834667,-8.55168500
40.96832500,-8.55161833
40.96830500,-8.55154833
40.96828000,-8.55146833
40.96825333,-8.55137667
40.96822667,-8.55127333
40.96820000,-8.55116167
40.96818000,-8.55105167
40.96816000,-8.55095167
40.96814000,-8.55085333
40.96811667,-8.55074333
40.96809333,-8.55062833
40.96806667,-8.55051833
40.96803833,-8.55039833
40.96800500,-8.55027000
40.96795833,-8.55013667
40.96789167,-8.55001000
40.96781000,-8.54989833
40.96770667,-8.54981167
40.96759333,-8.54975000
40.96747333,-8.54970500
40.96734833,-8.54966500
40.96722667,-8.54962833
40.96711500,-8.54958000
40.96701167,-8.54949833
40.96693167,-8.54937500
40.96687667,-8.54922333
40.96683667,-8.54906833
40.96680167,-8.54891167
40.96677167,-8.54876167
40.96674500,-8.54861000
40.96671833,-8.54846000
40.96669667,-8.54830667
40.96668167,-8.54815500
40.96666500,-8.54801167
40.96665167,-8.54787500
40.96664167,-8.54774833
40.96664167,-8.54762500
40.96665167,-8.54752500
40.96666333,-8.54745333
40.96667667,-8.54740667
40.96668833,-8.54738167
40.96669333,-8.54737167
40.96669833,-8.54736833